19:39:41.897293 s10.0.2.15.56164      d23.60.1.198.443      0       
19:39:41.910860 s23.60.1.198.443      d10.0.2.15.56164      0       
19:39:41.910905 s10.0.2.15.56164      d23.60.1.198.443      0       
19:39:41.919692 s10.0.2.15.56164      d23.60.1.198.443      517     
19:39:41.920049 s23.60.1.198.443      d10.0.2.15.56164      0       
19:39:41.935866 s23.60.1.198.443      d10.0.2.15.56164      2920    
19:39:41.935893 s10.0.2.15.56164      d23.60.1.198.443      0       
19:39:41.936145 s23.60.1.198.443      d10.0.2.15.56164      1176    
19:39:41.936283 s10.0.2.15.56164      d23.60.1.198.443      0       
19:39:41.936598 s23.60.1.198.443      d10.0.2.15.56164      803     
19:39:41.936610 s10.0.2.15.56164      d23.60.1.198.443      0       
19:39:41.938053 s10.0.2.15.56164      d23.60.1.198.443      126     
19:39:41.938426 s23.60.1.198.443      d10.0.2.15.56164      0       
19:39:41.956139 s23.60.1.198.443      d10.0.2.15.56164      51      
19:39:41.956160 s10.0.2.15.56164      d23.60.1.198.443      0       
19:39:41.956591 s10.0.2.15.56164      d23.60.1.198.443      53      
19:39:41.956628 s10.0.2.15.56164      d23.60.1.198.443      56      
19:39:41.956830 s10.0.2.15.56164      d23.60.1.198.443      42      
19:39:41.957546 s23.60.1.198.443      d10.0.2.15.56164      0       
19:39:41.957548 s23.60.1.198.443      d10.0.2.15.56164      0       
19:39:41.957548 s23.60.1.198.443      d10.0.2.15.56164      0       
19:39:41.957635 s10.0.2.15.56164      d23.60.1.198.443      69      
19:39:41.958034 s23.60.1.198.443      d10.0.2.15.56164      0       
19:39:41.967605 s23.60.1.198.443      d10.0.2.15.56164      106     
19:39:41.967628 s10.0.2.15.56164      d23.60.1.198.443      0       
19:39:41.967817 s10.0.2.15.56164      d23.60.1.198.443      38      
19:39:41.968196 s23.60.1.198.443      d10.0.2.15.56164      0       
