19:38:43.012375 s10.0.2.15.41850      d13.224.213.79.443    0       
19:38:43.027892 s13.224.213.79.443    d10.0.2.15.41850      0       
19:38:43.027938 s10.0.2.15.41850      d13.224.213.79.443    0       
19:38:43.035854 s10.0.2.15.41850      d13.224.213.79.443    517     
19:38:43.036253 s13.224.213.79.443    d10.0.2.15.41850      0       
19:38:43.053375 s13.224.213.79.443    d10.0.2.15.41850      2920    
19:38:43.053400 s10.0.2.15.41850      d13.224.213.79.443    0       
19:38:43.053824 s13.224.213.79.443    d10.0.2.15.41850      1202    
19:38:43.053844 s10.0.2.15.41850      d13.224.213.79.443    0       
19:38:43.055624 s13.224.213.79.443    d10.0.2.15.41850      816     
19:38:43.055646 s10.0.2.15.41850      d13.224.213.79.443    0       
19:38:43.056874 s10.0.2.15.41850      d13.224.213.79.443    64      
19:38:43.057264 s13.224.213.79.443    d10.0.2.15.41850      0       
19:38:43.057526 s10.0.2.15.41850      d13.224.213.79.443    46      
19:38:43.057557 s10.0.2.15.41850      d13.224.213.79.443    49      
19:38:43.057707 s10.0.2.15.41850      d13.224.213.79.443    35      
19:38:43.057815 s13.224.213.79.443    d10.0.2.15.41850      0       
19:38:43.057816 s13.224.213.79.443    d10.0.2.15.41850      0       
19:38:43.057875 s10.0.2.15.41850      d13.224.213.79.443    62      
19:38:43.058135 s13.224.213.79.443    d10.0.2.15.41850      0       
19:38:43.058136 s13.224.213.79.443    d10.0.2.15.41850      0       
19:38:43.092426 s13.224.213.79.443    d10.0.2.15.41850      71      
19:38:43.092460 s10.0.2.15.41850      d13.224.213.79.443    0       
19:38:43.092701 s10.0.2.15.41850      d13.224.213.79.443    31      
19:38:43.093028 s13.224.213.79.443    d10.0.2.15.41850      0       
