19:37:43.461975 s10.0.2.15.54596      d13.224.212.47.443    0       
19:37:43.477922 s13.224.212.47.443    d10.0.2.15.54596      0       
19:37:43.477956 s10.0.2.15.54596      d13.224.212.47.443    0       
19:37:43.484965 s10.0.2.15.54596      d13.224.212.47.443    517     
19:37:43.485595 s13.224.212.47.443    d10.0.2.15.54596      0       
19:37:43.502507 s13.224.212.47.443    d10.0.2.15.54596      2748    
19:37:43.502532 s10.0.2.15.54596      d13.224.212.47.443    0       
19:37:43.504964 s13.224.212.47.443    d10.0.2.15.54596      1374    
19:37:43.504986 s10.0.2.15.54596      d13.224.212.47.443    0       
19:37:43.505781 s13.224.212.47.443    d10.0.2.15.54596      1374    
19:37:43.505797 s10.0.2.15.54596      d13.224.212.47.443    0       
19:37:43.507023 s13.224.212.47.443    d10.0.2.15.54596      327     
19:37:43.507044 s10.0.2.15.54596      d13.224.212.47.443    0       
19:37:43.507559 s10.0.2.15.54596      d13.224.212.47.443    64      
19:37:43.508159 s13.224.212.47.443    d10.0.2.15.54596      0       
19:37:43.508464 s10.0.2.15.54596      d13.224.212.47.443    46      
19:37:43.508576 s10.0.2.15.54596      d13.224.212.47.443    49      
19:37:43.508846 s10.0.2.15.54596      d13.224.212.47.443    95      
19:37:43.509389 s13.224.212.47.443    d10.0.2.15.54596      0       
19:37:43.509391 s13.224.212.47.443    d10.0.2.15.54596      0       
19:37:43.509665 s13.224.212.47.443    d10.0.2.15.54596      0       
19:37:43.525922 s13.224.212.47.443    d10.0.2.15.54596      71      
19:37:43.525944 s10.0.2.15.54596      d13.224.212.47.443    0       
19:37:43.526218 s10.0.2.15.54596      d13.224.212.47.443    31      
19:37:43.526535 s13.224.212.47.443    d10.0.2.15.54596      0       
19:37:43.573097 s13.224.212.47.443    d10.0.2.15.54596      6870    
19:37:43.573100 s13.224.212.47.443    d10.0.2.15.54596      2748    
19:37:43.573139 s10.0.2.15.54596      d13.224.212.47.443    0       
19:37:43.573165 s10.0.2.15.54596      d13.224.212.47.443    0       
19:37:43.573708 s13.224.212.47.443    d10.0.2.15.54596      5496    
19:37:43.573730 s10.0.2.15.54596      d13.224.212.47.443    0       
19:37:43.575004 s13.224.212.47.443    d10.0.2.15.54596      6870    
19:37:43.575030 s10.0.2.15.54596      d13.224.212.47.443    0       
19:37:43.575941 s13.224.212.47.443    d10.0.2.15.54596      4122    
19:37:43.575961 s10.0.2.15.54596      d13.224.212.47.443    0       
19:37:43.577534 s13.224.212.47.443    d10.0.2.15.54596      10992   
19:37:43.577557 s10.0.2.15.54596      d13.224.212.47.443    0       
19:37:43.578794 s13.224.212.47.443    d10.0.2.15.54596      5496    
19:37:43.578882 s10.0.2.15.54596      d13.224.212.47.443    0       
19:37:43.587014 s13.224.212.47.443    d10.0.2.15.54596      4122    
19:37:43.587038 s10.0.2.15.54596      d13.224.212.47.443    0       
19:37:43.587987 s13.224.212.47.443    d10.0.2.15.54596      5496    
19:37:43.588012 s10.0.2.15.54596      d13.224.212.47.443    0       
19:37:43.588225 s13.224.212.47.443    d10.0.2.15.54596      5496    
19:37:43.588227 s13.224.212.47.443    d10.0.2.15.54596      1374    
19:37:43.588347 s10.0.2.15.54596      d13.224.212.47.443    0       
19:37:43.589541 s13.224.212.47.443    d10.0.2.15.54596      4122    
19:37:43.589559 s10.0.2.15.54596      d13.224.212.47.443    0       
19:37:43.590475 s13.224.212.47.443    d10.0.2.15.54596      9618    
19:37:43.590477 s13.224.212.47.443    d10.0.2.15.54596      1374    
19:37:43.590493 s10.0.2.15.54596      d13.224.212.47.443    0       
19:37:43.590523 s10.0.2.15.54596      d13.224.212.47.443    0       
19:37:43.591625 s13.224.212.47.443    d10.0.2.15.54596      5496    
19:37:43.591637 s10.0.2.15.54596      d13.224.212.47.443    0       
19:37:43.592601 s13.224.212.47.443    d10.0.2.15.54596      6870    
19:37:43.592616 s10.0.2.15.54596      d13.224.212.47.443    0       
19:37:43.593705 s13.224.212.47.443    d10.0.2.15.54596      9618    
19:37:43.593717 s10.0.2.15.54596      d13.224.212.47.443    0       
19:37:43.594626 s13.224.212.47.443    d10.0.2.15.54596      5496    
19:37:43.594638 s10.0.2.15.54596      d13.224.212.47.443    0       
19:37:43.595667 s13.224.212.47.443    d10.0.2.15.54596      6870    
19:37:43.595682 s10.0.2.15.54596      d13.224.212.47.443    0       
19:37:43.595806 s13.224.212.47.443    d10.0.2.15.54596      2748    
19:37:43.595813 s10.0.2.15.54596      d13.224.212.47.443    0       
19:37:43.596853 s13.224.212.47.443    d10.0.2.15.54596      5496    
19:37:43.596870 s10.0.2.15.54596      d13.224.212.47.443    0       
19:37:43.597890 s13.224.212.47.443    d10.0.2.15.54596      1374    
19:37:43.597903 s10.0.2.15.54596      d13.224.212.47.443    0       
19:37:43.598916 s13.224.212.47.443    d10.0.2.15.54596      1374    
19:37:43.598928 s10.0.2.15.54596      d13.224.212.47.443    0       
19:37:43.599985 s13.224.212.47.443    d10.0.2.15.54596      1374    
19:37:43.599994 s10.0.2.15.54596      d13.224.212.47.443    0       
19:37:43.601014 s13.224.212.47.443    d10.0.2.15.54596      5496    
19:37:43.601035 s10.0.2.15.54596      d13.224.212.47.443    0       
19:37:43.602313 s13.224.212.47.443    d10.0.2.15.54596      5496    
19:37:43.602316 s13.224.212.47.443    d10.0.2.15.54596      8244    
19:37:43.602374 s10.0.2.15.54596      d13.224.212.47.443    0       
19:37:43.602402 s10.0.2.15.54596      d13.224.212.47.443    0       
19:37:43.603463 s13.224.212.47.443    d10.0.2.15.54596      6870    
19:37:43.603563 s10.0.2.15.54596      d13.224.212.47.443    0       
19:37:43.603806 s13.224.212.47.443    d10.0.2.15.54596      4122    
19:37:43.603807 s13.224.212.47.443    d10.0.2.15.54596      1374    
19:37:43.603816 s10.0.2.15.54596      d13.224.212.47.443    0       
19:37:43.603838 s10.0.2.15.54596      d13.224.212.47.443    0       
19:37:43.604697 s13.224.212.47.443    d10.0.2.15.54596      6870    
19:37:43.604714 s10.0.2.15.54596      d13.224.212.47.443    0       
19:37:43.604837 s13.224.212.47.443    d10.0.2.15.54596      4122    
19:37:43.604844 s10.0.2.15.54596      d13.224.212.47.443    0       
19:37:43.606091 s13.224.212.47.443    d10.0.2.15.54596      8244    
19:37:43.606111 s10.0.2.15.54596      d13.224.212.47.443    0       
19:37:43.607012 s13.224.212.47.443    d10.0.2.15.54596      5496    
19:37:43.607014 s13.224.212.47.443    d10.0.2.15.54596      2748    
19:37:43.607014 s13.224.212.47.443    d10.0.2.15.54596      2748    
19:37:43.607031 s10.0.2.15.54596      d13.224.212.47.443    0       
19:37:43.607058 s10.0.2.15.54596      d13.224.212.47.443    0       
19:37:43.607322 s10.0.2.15.54596      d13.224.212.47.443    0       
19:37:43.607352 s13.224.212.47.443    d10.0.2.15.54596      1374    
19:37:43.607386 s10.0.2.15.54596      d13.224.212.47.443    0       
19:37:43.608189 s13.224.212.47.443    d10.0.2.15.54596      5496    
19:37:43.608191 s13.224.212.47.443    d10.0.2.15.54596      2920    
19:37:43.608207 s10.0.2.15.54596      d13.224.212.47.443    0       
19:37:43.608236 s10.0.2.15.54596      d13.224.212.47.443    0       
19:37:43.608411 s13.224.212.47.443    d10.0.2.15.54596      2576    
19:37:43.608412 s13.224.212.47.443    d10.0.2.15.54596      1374    
19:37:43.608419 s10.0.2.15.54596      d13.224.212.47.443    0       
19:37:43.608432 s10.0.2.15.54596      d13.224.212.47.443    0       
19:37:43.609633 s13.224.212.47.443    d10.0.2.15.54596      5496    
19:37:43.609635 s13.224.212.47.443    d10.0.2.15.54596      4122    
19:37:43.609654 s10.0.2.15.54596      d13.224.212.47.443    0       
19:37:43.609753 s10.0.2.15.54596      d13.224.212.47.443    0       
19:37:43.610486 s13.224.212.47.443    d10.0.2.15.54596      5496    
19:37:43.610487 s13.224.212.47.443    d10.0.2.15.54596      2748    
19:37:43.610488 s13.224.212.47.443    d10.0.2.15.54596      1374    
19:37:43.610502 s10.0.2.15.54596      d13.224.212.47.443    0       
19:37:43.610523 s10.0.2.15.54596      d13.224.212.47.443    0       
19:37:43.610531 s10.0.2.15.54596      d13.224.212.47.443    0       
19:37:43.611478 s13.224.212.47.443    d10.0.2.15.54596      9618    
19:37:43.611487 s10.0.2.15.54596      d13.224.212.47.443    0       
19:37:43.611647 s13.224.212.47.443    d10.0.2.15.54596      1374    
19:37:43.611698 s10.0.2.15.54596      d13.224.212.47.443    0       
19:37:43.612683 s13.224.212.47.443    d10.0.2.15.54596      6870    
19:37:43.612697 s10.0.2.15.54596      d13.224.212.47.443    0       
19:37:43.613168 s13.224.212.47.443    d10.0.2.15.54596      4122    
19:37:43.613170 s13.224.212.47.443    d10.0.2.15.54596      4122    
19:37:43.613171 s13.224.212.47.443    d10.0.2.15.54596      2748    
19:37:43.613182 s10.0.2.15.54596      d13.224.212.47.443    0       
19:37:43.613201 s10.0.2.15.54596      d13.224.212.47.443    0       
19:37:43.613211 s10.0.2.15.54596      d13.224.212.47.443    0       
19:37:43.613991 s13.224.212.47.443    d10.0.2.15.54596      6870    
19:37:43.614015 s10.0.2.15.54596      d13.224.212.47.443    0       
19:37:43.614129 s13.224.212.47.443    d10.0.2.15.54596      4122    
19:37:43.614136 s10.0.2.15.54596      d13.224.212.47.443    0       
19:37:43.615541 s13.224.212.47.443    d10.0.2.15.54596      6870    
19:37:43.615544 s13.224.212.47.443    d10.0.2.15.54596      4122    
19:37:43.615608 s10.0.2.15.54596      d13.224.212.47.443    0       
19:37:43.615844 s10.0.2.15.54596      d13.224.212.47.443    0       
19:37:43.615870 s13.224.212.47.443    d10.0.2.15.54596      1374    
19:37:43.615872 s13.224.212.47.443    d10.0.2.15.54596      4122    
19:37:43.615872 s13.224.212.47.443    d10.0.2.15.54596      1374    
19:37:43.615878 s10.0.2.15.54596      d13.224.212.47.443    0       
19:37:43.615887 s10.0.2.15.54596      d13.224.212.47.443    0       
19:37:43.615892 s10.0.2.15.54596      d13.224.212.47.443    0       
19:37:43.617430 s13.224.212.47.443    d10.0.2.15.54596      9618    
19:37:43.617455 s10.0.2.15.54596      d13.224.212.47.443    0       
19:37:43.617710 s13.224.212.47.443    d10.0.2.15.54596      6870    
19:37:43.617712 s13.224.212.47.443    d10.0.2.15.54596      2748    
19:37:43.617725 s10.0.2.15.54596      d13.224.212.47.443    0       
19:37:43.617743 s10.0.2.15.54596      d13.224.212.47.443    0       
19:37:43.619718 s13.224.212.47.443    d10.0.2.15.54596      16488   
19:37:43.619786 s10.0.2.15.54596      d13.224.212.47.443    0       
19:37:43.619847 s13.224.212.47.443    d10.0.2.15.54596      4122    
19:37:43.619848 s13.224.212.47.443    d10.0.2.15.54596      2748    
19:37:43.619848 s13.224.212.47.443    d10.0.2.15.54596      2748    
19:37:43.619862 s10.0.2.15.54596      d13.224.212.47.443    0       
19:37:43.619878 s10.0.2.15.54596      d13.224.212.47.443    0       
19:37:43.619890 s10.0.2.15.54596      d13.224.212.47.443    0       
19:37:43.620015 s13.224.212.47.443    d10.0.2.15.54596      1374    
19:37:43.620021 s10.0.2.15.54596      d13.224.212.47.443    0       
19:37:43.621486 s13.224.212.47.443    d10.0.2.15.54596      6870    
19:37:43.621489 s13.224.212.47.443    d10.0.2.15.54596      5496    
19:37:43.621634 s10.0.2.15.54596      d13.224.212.47.443    0       
19:37:43.621670 s10.0.2.15.54596      d13.224.212.47.443    0       
19:37:43.621866 s13.224.212.47.443    d10.0.2.15.54596      2748    
19:37:43.621911 s13.224.212.47.443    d10.0.2.15.54596      2748    
19:37:43.621912 s13.224.212.47.443    d10.0.2.15.54596      4122    
19:37:43.621913 s13.224.212.47.443    d10.0.2.15.54596      2748    
19:37:43.621924 s10.0.2.15.54596      d13.224.212.47.443    0       
19:37:43.621945 s10.0.2.15.54596      d13.224.212.47.443    0       
19:37:43.621957 s10.0.2.15.54596      d13.224.212.47.443    0       
19:37:43.621968 s10.0.2.15.54596      d13.224.212.47.443    0       
19:37:43.621991 s13.224.212.47.443    d10.0.2.15.54596      4122    
19:37:43.621996 s10.0.2.15.54596      d13.224.212.47.443    0       
19:37:43.622129 s13.224.212.47.443    d10.0.2.15.54596      2748    
19:37:43.622139 s10.0.2.15.54596      d13.224.212.47.443    0       
19:37:43.622229 s13.224.212.47.443    d10.0.2.15.54596      4122    
19:37:43.622235 s10.0.2.15.54596      d13.224.212.47.443    0       
19:37:43.622380 s13.224.212.47.443    d10.0.2.15.54596      2748    
19:37:43.622445 s10.0.2.15.54596      d13.224.212.47.443    0       
19:37:43.622525 s13.224.212.47.443    d10.0.2.15.54596      1374    
19:37:43.622530 s10.0.2.15.54596      d13.224.212.47.443    0       
19:37:43.623915 s13.224.212.47.443    d10.0.2.15.54596      6870    
19:37:43.624004 s10.0.2.15.54596      d13.224.212.47.443    0       
19:37:43.624398 s13.224.212.47.443    d10.0.2.15.54596      2748    
19:37:43.624400 s13.224.212.47.443    d10.0.2.15.54596      4122    
19:37:43.624401 s13.224.212.47.443    d10.0.2.15.54596      1374    
19:37:43.624402 s13.224.212.47.443    d10.0.2.15.54596      5496    
19:37:43.624417 s10.0.2.15.54596      d13.224.212.47.443    0       
19:37:43.624436 s10.0.2.15.54596      d13.224.212.47.443    0       
19:37:43.624448 s10.0.2.15.54596      d13.224.212.47.443    0       
19:37:43.624460 s10.0.2.15.54596      d13.224.212.47.443    0       
19:37:43.624482 s13.224.212.47.443    d10.0.2.15.54596      2748    
19:37:43.624487 s10.0.2.15.54596      d13.224.212.47.443    0       
19:37:43.624652 s13.224.212.47.443    d10.0.2.15.54596      4122    
19:37:43.624659 s10.0.2.15.54596      d13.224.212.47.443    0       
19:37:43.624899 s13.224.212.47.443    d10.0.2.15.54596      2748    
19:37:43.624906 s10.0.2.15.54596      d13.224.212.47.443    0       
19:37:43.625201 s13.224.212.47.443    d10.0.2.15.54596      2748    
19:37:43.625202 s13.224.212.47.443    d10.0.2.15.54596      2748    
19:37:43.625203 s13.224.212.47.443    d10.0.2.15.54596      2748    
19:37:43.625212 s10.0.2.15.54596      d13.224.212.47.443    0       
19:37:43.625226 s10.0.2.15.54596      d13.224.212.47.443    0       
19:37:43.625238 s10.0.2.15.54596      d13.224.212.47.443    0       
19:37:43.625463 s13.224.212.47.443    d10.0.2.15.54596      1374    
19:37:43.625471 s10.0.2.15.54596      d13.224.212.47.443    0       
19:37:43.626238 s13.224.212.47.443    d10.0.2.15.54596      5496    
19:37:43.626240 s13.224.212.47.443    d10.0.2.15.54596      2748    
19:37:43.626241 s13.224.212.47.443    d10.0.2.15.54596      2748    
19:37:43.626258 s10.0.2.15.54596      d13.224.212.47.443    0       
19:37:43.626334 s10.0.2.15.54596      d13.224.212.47.443    0       
19:37:43.626353 s10.0.2.15.54596      d13.224.212.47.443    0       
19:37:43.626529 s13.224.212.47.443    d10.0.2.15.54596      4122    
19:37:43.626536 s10.0.2.15.54596      d13.224.212.47.443    0       
19:37:43.626732 s13.224.212.47.443    d10.0.2.15.54596      2748    
19:37:43.626738 s10.0.2.15.54596      d13.224.212.47.443    0       
19:37:43.627630 s13.224.212.47.443    d10.0.2.15.54596      4122    
19:37:43.627633 s13.224.212.47.443    d10.0.2.15.54596      4122    
19:37:43.627634 s13.224.212.47.443    d10.0.2.15.54596      2748    
19:37:43.627649 s10.0.2.15.54596      d13.224.212.47.443    0       
19:37:43.627714 s10.0.2.15.54596      d13.224.212.47.443    0       
19:37:43.627729 s10.0.2.15.54596      d13.224.212.47.443    0       
19:37:43.627992 s13.224.212.47.443    d10.0.2.15.54596      5496    
19:37:43.628132 s10.0.2.15.54596      d13.224.212.47.443    0       
19:37:43.628444 s13.224.212.47.443    d10.0.2.15.54596      4122    
19:37:43.628475 s13.224.212.47.443    d10.0.2.15.54596      5496    
19:37:43.628488 s10.0.2.15.54596      d13.224.212.47.443    0       
19:37:43.628563 s10.0.2.15.54596      d13.224.212.47.443    0       
19:37:43.630451 s13.224.212.47.443    d10.0.2.15.54596      5496    
19:37:43.630454 s13.224.212.47.443    d10.0.2.15.54596      4122    
19:37:43.630454 s13.224.212.47.443    d10.0.2.15.54596      4122    
19:37:43.630475 s10.0.2.15.54596      d13.224.212.47.443    0       
19:37:43.630498 s10.0.2.15.54596      d13.224.212.47.443    0       
19:37:43.630577 s10.0.2.15.54596      d13.224.212.47.443    0       
19:37:43.630622 s13.224.212.47.443    d10.0.2.15.54596      8244    
19:37:43.630623 s13.224.212.47.443    d10.0.2.15.54596      5496    
19:37:43.630629 s10.0.2.15.54596      d13.224.212.47.443    0       
19:37:43.630645 s10.0.2.15.54596      d13.224.212.47.443    0       
19:37:43.630662 s13.224.212.47.443    d10.0.2.15.54596      2748    
19:37:43.630663 s13.224.212.47.443    d10.0.2.15.54596      4122    
19:37:43.630668 s10.0.2.15.54596      d13.224.212.47.443    0       
19:37:43.630776 s10.0.2.15.54596      d13.224.212.47.443    0       
19:37:43.630943 s13.224.212.47.443    d10.0.2.15.54596      8244    
19:37:43.630944 s13.224.212.47.443    d10.0.2.15.54596      1374    
19:37:43.630953 s10.0.2.15.54596      d13.224.212.47.443    0       
19:37:43.630964 s10.0.2.15.54596      d13.224.212.47.443    0       
19:37:43.631478 s13.224.212.47.443    d10.0.2.15.54596      6870    
19:37:43.631701 s13.224.212.47.443    d10.0.2.15.54596      4122    
19:37:43.631720 s10.0.2.15.54596      d13.224.212.47.443    0       
19:37:43.631749 s10.0.2.15.54596      d13.224.212.47.443    0       
19:37:43.631774 s13.224.212.47.443    d10.0.2.15.54596      2748    
19:37:43.631775 s13.224.212.47.443    d10.0.2.15.54596      5496    
19:37:43.631781 s10.0.2.15.54596      d13.224.212.47.443    0       
19:37:43.631794 s10.0.2.15.54596      d13.224.212.47.443    0       
19:37:43.632324 s13.224.212.47.443    d10.0.2.15.54596      4122    
19:37:43.632326 s13.224.212.47.443    d10.0.2.15.54596      1460    
19:37:43.632344 s10.0.2.15.54596      d13.224.212.47.443    0       
19:37:43.632364 s10.0.2.15.54596      d13.224.212.47.443    0       
19:37:43.632568 s13.224.212.47.443    d10.0.2.15.54596      1288    
19:37:43.632569 s13.224.212.47.443    d10.0.2.15.54596      2748    
19:37:43.632570 s13.224.212.47.443    d10.0.2.15.54596      2748    
19:37:43.632570 s13.224.212.47.443    d10.0.2.15.54596      2748    
19:37:43.632582 s10.0.2.15.54596      d13.224.212.47.443    0       
19:37:43.632599 s10.0.2.15.54596      d13.224.212.47.443    0       
19:37:43.632609 s10.0.2.15.54596      d13.224.212.47.443    0       
19:37:43.632679 s10.0.2.15.54596      d13.224.212.47.443    0       
19:37:43.632757 s13.224.212.47.443    d10.0.2.15.54596      1374    
19:37:43.632762 s10.0.2.15.54596      d13.224.212.47.443    0       
19:37:43.632820 s13.224.212.47.443    d10.0.2.15.54596      4122    
19:37:43.632824 s10.0.2.15.54596      d13.224.212.47.443    0       
19:37:43.633559 s13.224.212.47.443    d10.0.2.15.54596      4122    
19:37:43.633561 s13.224.212.47.443    d10.0.2.15.54596      1460    
19:37:43.633582 s10.0.2.15.54596      d13.224.212.47.443    0       
19:37:43.633696 s10.0.2.15.54596      d13.224.212.47.443    0       
19:37:43.634167 s13.224.212.47.443    d10.0.2.15.54596      2662    
19:37:43.634171 s13.224.212.47.443    d10.0.2.15.54596      2748    
19:37:43.634172 s13.224.212.47.443    d10.0.2.15.54596      4122    
19:37:43.634173 s13.224.212.47.443    d10.0.2.15.54596      2748    
19:37:43.634188 s10.0.2.15.54596      d13.224.212.47.443    0       
19:37:43.634213 s10.0.2.15.54596      d13.224.212.47.443    0       
19:37:43.634226 s10.0.2.15.54596      d13.224.212.47.443    0       
19:37:43.634288 s10.0.2.15.54596      d13.224.212.47.443    0       
19:37:43.634322 s13.224.212.47.443    d10.0.2.15.54596      2748    
19:37:43.634323 s13.224.212.47.443    d10.0.2.15.54596      2748    
19:37:43.634331 s10.0.2.15.54596      d13.224.212.47.443    0       
19:37:43.634340 s10.0.2.15.54596      d13.224.212.47.443    0       
19:37:43.634448 s13.224.212.47.443    d10.0.2.15.54596      4122    
19:37:43.634458 s10.0.2.15.54596      d13.224.212.47.443    0       
19:37:43.634679 s13.224.212.47.443    d10.0.2.15.54596      2748    
19:37:43.634693 s10.0.2.15.54596      d13.224.212.47.443    0       
19:37:43.634837 s13.224.212.47.443    d10.0.2.15.54596      1374    
19:37:43.634843 s10.0.2.15.54596      d13.224.212.47.443    0       
19:37:43.635881 s13.224.212.47.443    d10.0.2.15.54596      9618    
19:37:43.635885 s13.224.212.47.443    d10.0.2.15.54596      4122    
19:37:43.636235 s13.224.212.47.443    d10.0.2.15.54596      4122    
19:37:43.636682 s13.224.212.47.443    d10.0.2.15.54596      2748    
19:37:43.636684 s13.224.212.47.443    d10.0.2.15.54596      2748    
19:37:43.636686 s13.224.212.47.443    d10.0.2.15.54596      4122    
19:37:43.636686 s13.224.212.47.443    d10.0.2.15.54596      2748    
19:37:43.636879 s13.224.212.47.443    d10.0.2.15.54596      2748    
19:37:43.637918 s10.0.2.15.54596      d13.224.212.47.443    0       
19:37:43.637951 s10.0.2.15.54596      d13.224.212.47.443    0       
19:37:43.638241 s13.224.212.47.443    d10.0.2.15.54596      11680   
19:37:43.638251 s10.0.2.15.54596      d13.224.212.47.443    0       
19:37:43.638738 s13.224.212.47.443    d10.0.2.15.54596      11678   
19:37:43.638774 s10.0.2.15.54596      d13.224.212.47.443    0       
19:37:43.638804 s13.224.212.47.443    d10.0.2.15.54596      2748    
19:37:43.638805 s13.224.212.47.443    d10.0.2.15.54596      4122    
19:37:43.638806 s13.224.212.47.443    d10.0.2.15.54596      2748    
19:37:43.638807 s13.224.212.47.443    d10.0.2.15.54596      2748    
19:37:43.638926 s10.0.2.15.54596      d13.224.212.47.443    0       
19:37:43.638948 s10.0.2.15.54596      d13.224.212.47.443    0       
19:37:43.639271 s10.0.2.15.54596      d13.224.212.47.443    0       
19:37:43.639285 s10.0.2.15.54596      d13.224.212.47.443    0       
19:37:43.639346 s13.224.212.47.443    d10.0.2.15.54596      2748    
19:37:43.639348 s13.224.212.47.443    d10.0.2.15.54596      4122    
19:37:43.639349 s13.224.212.47.443    d10.0.2.15.54596      2748    
19:37:43.639349 s13.224.212.47.443    d10.0.2.15.54596      1374    
19:37:43.639362 s10.0.2.15.54596      d13.224.212.47.443    0       
19:37:43.639451 s10.0.2.15.54596      d13.224.212.47.443    0       
19:37:43.639490 s10.0.2.15.54596      d13.224.212.47.443    0       
19:37:43.639530 s10.0.2.15.54596      d13.224.212.47.443    0       
19:37:43.640193 s13.224.212.47.443    d10.0.2.15.54596      4122    
19:37:43.640196 s13.224.212.47.443    d10.0.2.15.54596      6870    
19:37:43.640258 s10.0.2.15.54596      d13.224.212.47.443    0       
19:37:43.640334 s10.0.2.15.54596      d13.224.212.47.443    0       
19:37:43.640435 s13.224.212.47.443    d10.0.2.15.54596      2748    
19:37:43.640437 s13.224.212.47.443    d10.0.2.15.54596      2748    
19:37:43.640556 s10.0.2.15.54596      d13.224.212.47.443    0       
19:37:43.640606 s10.0.2.15.54596      d13.224.212.47.443    0       
19:37:43.640895 s13.224.212.47.443    d10.0.2.15.54596      2748    
19:37:43.640897 s13.224.212.47.443    d10.0.2.15.54596      4122    
19:37:43.640898 s13.224.212.47.443    d10.0.2.15.54596      2748    
19:37:43.640911 s10.0.2.15.54596      d13.224.212.47.443    0       
19:37:43.641008 s10.0.2.15.54596      d13.224.212.47.443    0       
19:37:43.641018 s10.0.2.15.54596      d13.224.212.47.443    0       
19:37:43.641194 s13.224.212.47.443    d10.0.2.15.54596      5496    
19:37:43.641201 s10.0.2.15.54596      d13.224.212.47.443    0       
19:37:43.641713 s13.224.212.47.443    d10.0.2.15.54596      5496    
19:37:43.641714 s13.224.212.47.443    d10.0.2.15.54596      2748    
19:37:43.641726 s10.0.2.15.54596      d13.224.212.47.443    0       
19:37:43.641741 s10.0.2.15.54596      d13.224.212.47.443    0       
19:37:43.642435 s13.224.212.47.443    d10.0.2.15.54596      6870    
19:37:43.642447 s10.0.2.15.54596      d13.224.212.47.443    0       
19:37:43.642754 s13.224.212.47.443    d10.0.2.15.54596      6870    
19:37:43.642764 s10.0.2.15.54596      d13.224.212.47.443    0       
19:37:43.643046 s13.224.212.47.443    d10.0.2.15.54596      5496    
19:37:43.643097 s10.0.2.15.54596      d13.224.212.47.443    0       
19:37:43.643315 s13.224.212.47.443    d10.0.2.15.54596      4122    
19:37:43.643317 s13.224.212.47.443    d10.0.2.15.54596      2748    
19:37:43.643317 s13.224.212.47.443    d10.0.2.15.54596      2748    
19:37:43.643329 s10.0.2.15.54596      d13.224.212.47.443    0       
19:37:43.643346 s10.0.2.15.54596      d13.224.212.47.443    0       
19:37:43.643903 s10.0.2.15.54596      d13.224.212.47.443    0       
19:37:43.644102 s13.224.212.47.443    d10.0.2.15.54596      2748    
19:37:43.644103 s13.224.212.47.443    d10.0.2.15.54596      2748    
19:37:43.644105 s13.224.212.47.443    d10.0.2.15.54596      5496    
19:37:43.644177 s10.0.2.15.54596      d13.224.212.47.443    0       
19:37:43.644207 s10.0.2.15.54596      d13.224.212.47.443    0       
19:37:43.644219 s10.0.2.15.54596      d13.224.212.47.443    0       
19:37:43.644553 s13.224.212.47.443    d10.0.2.15.54596      4122    
19:37:43.644556 s13.224.212.47.443    d10.0.2.15.54596      5496    
19:37:43.644675 s10.0.2.15.54596      d13.224.212.47.443    0       
19:37:43.644781 s13.224.212.47.443    d10.0.2.15.54596      5496    
19:37:43.644929 s13.224.212.47.443    d10.0.2.15.54596      4122    
19:37:43.645020 s13.224.212.47.443    d10.0.2.15.54596      2748    
19:37:43.645156 s13.224.212.47.443    d10.0.2.15.54596      1374    
19:37:43.645310 s13.224.212.47.443    d10.0.2.15.54596      4122    
19:37:43.645412 s13.224.212.47.443    d10.0.2.15.54596      2748    
19:37:43.645749 s13.224.212.47.443    d10.0.2.15.54596      1374    
19:37:43.645751 s13.224.212.47.443    d10.0.2.15.54596      4122    
19:37:43.645948 s13.224.212.47.443    d10.0.2.15.54596      4122    
19:37:43.646135 s10.0.2.15.54596      d13.224.212.47.443    0       
19:37:43.646623 s13.224.212.47.443    d10.0.2.15.54596      4122    
19:37:43.646625 s13.224.212.47.443    d10.0.2.15.54596      2748    
19:37:43.646626 s13.224.212.47.443    d10.0.2.15.54596      4122    
19:37:43.646852 s13.224.212.47.443    d10.0.2.15.54596      2748    
19:37:43.647253 s13.224.212.47.443    d10.0.2.15.54596      2748    
19:37:43.647255 s13.224.212.47.443    d10.0.2.15.54596      5496    
19:37:43.647761 s13.224.212.47.443    d10.0.2.15.54596      5496    
19:37:43.648597 s10.0.2.15.54596      d13.224.212.47.443    0       
19:37:43.649174 s13.224.212.47.443    d10.0.2.15.54596      32976   
19:37:43.649578 s10.0.2.15.54596      d13.224.212.47.443    0       
19:37:43.650623 s13.224.212.47.443    d10.0.2.15.54596      19236   
19:37:43.650642 s10.0.2.15.54596      d13.224.212.47.443    0       
19:37:43.650687 s13.224.212.47.443    d10.0.2.15.54596      4122    
19:37:43.650688 s13.224.212.47.443    d10.0.2.15.54596      5496    
19:37:43.650747 s10.0.2.15.54596      d13.224.212.47.443    0       
19:37:43.650994 s13.224.212.47.443    d10.0.2.15.54596      5496    
19:37:43.651220 s10.0.2.15.54596      d13.224.212.47.443    0       
19:37:43.651531 s13.224.212.47.443    d10.0.2.15.54596      4122    
19:37:43.651533 s13.224.212.47.443    d10.0.2.15.54596      2748    
19:37:43.651549 s10.0.2.15.54596      d13.224.212.47.443    0       
19:37:43.651780 s10.0.2.15.54596      d13.224.212.47.443    0       
19:37:43.652427 s13.224.212.47.443    d10.0.2.15.54596      6870    
19:37:43.652430 s13.224.212.47.443    d10.0.2.15.54596      2748    
19:37:43.652431 s13.224.212.47.443    d10.0.2.15.54596      1460    
19:37:43.652487 s10.0.2.15.54596      d13.224.212.47.443    0       
19:37:43.652689 s13.224.212.47.443    d10.0.2.15.54596      1460    
19:37:43.653004 s13.224.212.47.443    d10.0.2.15.54596      2576    
19:37:43.653007 s13.224.212.47.443    d10.0.2.15.54596      6870    
19:37:43.653011 s13.224.212.47.443    d10.0.2.15.54596      6870    
19:37:43.653044 s13.224.212.47.443    d10.0.2.15.54596      5496    
19:37:43.653077 s10.0.2.15.54596      d13.224.212.47.443    0       
19:37:43.653408 s13.224.212.47.443    d10.0.2.15.54596      6870    
19:37:43.653425 s10.0.2.15.54596      d13.224.212.47.443    0       
19:37:43.654707 s13.224.212.47.443    d10.0.2.15.54596      2748    
19:37:43.654726 s13.224.212.47.443    d10.0.2.15.54596      5496    
19:37:43.655468 s10.0.2.15.54596      d13.224.212.47.443    0       
19:37:43.655579 s10.0.2.15.54596      d13.224.212.47.443    0       
19:37:43.656419 s13.224.212.47.443    d10.0.2.15.54596      2748    
19:37:43.656423 s13.224.212.47.443    d10.0.2.15.54596      2748    
19:37:43.656426 s13.224.212.47.443    d10.0.2.15.54596      10992   
19:37:43.656448 s10.0.2.15.54596      d13.224.212.47.443    0       
19:37:43.656558 s10.0.2.15.54596      d13.224.212.47.443    0       
19:37:43.656573 s10.0.2.15.54596      d13.224.212.47.443    0       
19:37:43.656601 s13.224.212.47.443    d10.0.2.15.54596      9618    
19:37:43.656604 s13.224.212.47.443    d10.0.2.15.54596      13740   
19:37:43.656609 s10.0.2.15.54596      d13.224.212.47.443    0       
19:37:43.656617 s10.0.2.15.54596      d13.224.212.47.443    0       
19:37:43.656790 s13.224.212.47.443    d10.0.2.15.54596      5496    
19:37:43.656798 s10.0.2.15.54596      d13.224.212.47.443    0       
19:37:43.657394 s13.224.212.47.443    d10.0.2.15.54596      4122    
19:37:43.657413 s10.0.2.15.54596      d13.224.212.47.443    0       
19:37:43.657586 s13.224.212.47.443    d10.0.2.15.54596      5496    
19:37:43.657604 s10.0.2.15.54596      d13.224.212.47.443    0       
19:37:43.657724 s13.224.212.47.443    d10.0.2.15.54596      5496    
19:37:43.657737 s10.0.2.15.54596      d13.224.212.47.443    0       
19:37:43.657892 s13.224.212.47.443    d10.0.2.15.54596      4122    
19:37:43.657912 s10.0.2.15.54596      d13.224.212.47.443    0       
19:37:43.658321 s13.224.212.47.443    d10.0.2.15.54596      5496    
