19:35:45.115757 s10.0.2.15.54582      d13.224.212.47.443    0       
19:35:45.132004 s13.224.212.47.443    d10.0.2.15.54582      0       
19:35:45.132052 s10.0.2.15.54582      d13.224.212.47.443    0       
19:35:45.140409 s10.0.2.15.54582      d13.224.212.47.443    517     
19:35:45.140876 s13.224.212.47.443    d10.0.2.15.54582      0       
19:35:45.157442 s13.224.212.47.443    d10.0.2.15.54582      2748    
19:35:45.157467 s10.0.2.15.54582      d13.224.212.47.443    0       
19:35:45.159877 s13.224.212.47.443    d10.0.2.15.54582      1374    
19:35:45.159900 s10.0.2.15.54582      d13.224.212.47.443    0       
19:35:45.160406 s13.224.212.47.443    d10.0.2.15.54582      1701    
19:35:45.160424 s10.0.2.15.54582      d13.224.212.47.443    0       
19:35:45.161426 s10.0.2.15.54582      d13.224.212.47.443    64      
19:35:45.161838 s13.224.212.47.443    d10.0.2.15.54582      0       
19:35:45.162036 s10.0.2.15.54582      d13.224.212.47.443    46      
19:35:45.162194 s10.0.2.15.54582      d13.224.212.47.443    49      
19:35:45.162323 s13.224.212.47.443    d10.0.2.15.54582      0       
19:35:45.162529 s13.224.212.47.443    d10.0.2.15.54582      0       
19:35:45.162585 s10.0.2.15.54582      d13.224.212.47.443    35      
19:35:45.162650 s10.0.2.15.54582      d13.224.212.47.443    60      
19:35:45.162861 s13.224.212.47.443    d10.0.2.15.54582      0       
19:35:45.162863 s13.224.212.47.443    d10.0.2.15.54582      0       
19:35:45.175750 s13.224.212.47.443    d10.0.2.15.54582      62      
19:35:45.175777 s10.0.2.15.54582      d13.224.212.47.443    0       
19:35:45.176032 s10.0.2.15.54582      d13.224.212.47.443    31      
19:35:45.176350 s13.224.212.47.443    d10.0.2.15.54582      0       
19:35:45.176500 s13.224.212.47.443    d10.0.2.15.54582      31      
19:35:45.176513 s10.0.2.15.54582      d13.224.212.47.443    0       
19:35:45.191806 s13.224.212.47.443    d10.0.2.15.54582      9618    
19:35:45.191839 s10.0.2.15.54582      d13.224.212.47.443    0       
19:35:45.192924 s13.224.212.47.443    d10.0.2.15.54582      5496    
19:35:45.192983 s10.0.2.15.54582      d13.224.212.47.443    0       
19:35:45.193864 s13.224.212.47.443    d10.0.2.15.54582      4122    
19:35:45.193877 s10.0.2.15.54582      d13.224.212.47.443    0       
19:35:45.194208 s13.224.212.47.443    d10.0.2.15.54582      2273    
19:35:45.194268 s10.0.2.15.54582      d13.224.212.47.443    0       
19:35:45.199722 s13.224.212.47.443    d10.0.2.15.54582      9618    
19:35:45.199749 s10.0.2.15.54582      d13.224.212.47.443    0       
19:35:45.200499 s13.224.212.47.443    d10.0.2.15.54582      5496    
19:35:45.200513 s10.0.2.15.54582      d13.224.212.47.443    0       
19:35:45.202089 s13.224.212.47.443    d10.0.2.15.54582      6870    
19:35:45.202209 s10.0.2.15.54582      d13.224.212.47.443    0       
19:35:45.205193 s13.224.212.47.443    d10.0.2.15.54582      4122    
19:35:45.205214 s10.0.2.15.54582      d13.224.212.47.443    0       
19:35:45.205918 s13.224.212.47.443    d10.0.2.15.54582      1374    
19:35:45.205990 s10.0.2.15.54582      d13.224.212.47.443    0       
19:35:45.206881 s13.224.212.47.443    d10.0.2.15.54582      5496    
19:35:45.206883 s13.224.212.47.443    d10.0.2.15.54582      2748    
19:35:45.206883 s13.224.212.47.443    d10.0.2.15.54582      1374    
19:35:45.207222 s10.0.2.15.54582      d13.224.212.47.443    0       
19:35:45.208369 s13.224.212.47.443    d10.0.2.15.54582      5496    
19:35:45.208393 s10.0.2.15.54582      d13.224.212.47.443    0       
19:35:45.209129 s13.224.212.47.443    d10.0.2.15.54582      5496    
19:35:45.209142 s10.0.2.15.54582      d13.224.212.47.443    0       
19:35:45.209976 s13.224.212.47.443    d10.0.2.15.54582      5496    
19:35:45.209992 s10.0.2.15.54582      d13.224.212.47.443    0       
19:35:45.210375 s13.224.212.47.443    d10.0.2.15.54582      1374    
19:35:45.210385 s10.0.2.15.54582      d13.224.212.47.443    0       
19:35:45.213849 s13.224.212.47.443    d10.0.2.15.54582      9618    
19:35:45.213869 s10.0.2.15.54582      d13.224.212.47.443    0       
19:35:45.214585 s13.224.212.47.443    d10.0.2.15.54582      5496    
19:35:45.214635 s10.0.2.15.54582      d13.224.212.47.443    0       
19:35:45.215499 s13.224.212.47.443    d10.0.2.15.54582      6870    
19:35:45.215583 s10.0.2.15.54582      d13.224.212.47.443    0       
19:35:45.216462 s13.224.212.47.443    d10.0.2.15.54582      8244    
19:35:45.216475 s10.0.2.15.54582      d13.224.212.47.443    0       
19:35:45.217703 s13.224.212.47.443    d10.0.2.15.54582      5496    
19:35:45.217803 s10.0.2.15.54582      d13.224.212.47.443    0       
19:35:45.218719 s13.224.212.47.443    d10.0.2.15.54582      5496    
19:35:45.218795 s10.0.2.15.54582      d13.224.212.47.443    0       
19:35:45.219979 s13.224.212.47.443    d10.0.2.15.54582      8244    
19:35:45.219981 s13.224.212.47.443    d10.0.2.15.54582      1374    
19:35:45.219996 s10.0.2.15.54582      d13.224.212.47.443    0       
19:35:45.220027 s10.0.2.15.54582      d13.224.212.47.443    0       
19:35:45.221492 s13.224.212.47.443    d10.0.2.15.54582      8244    
19:35:45.221494 s13.224.212.47.443    d10.0.2.15.54582      2748    
19:35:45.221512 s10.0.2.15.54582      d13.224.212.47.443    0       
19:35:45.221539 s10.0.2.15.54582      d13.224.212.47.443    0       
19:35:45.221558 s13.224.212.47.443    d10.0.2.15.54582      1374    
19:35:45.221563 s10.0.2.15.54582      d13.224.212.47.443    0       
19:35:45.222000 s13.224.212.47.443    d10.0.2.15.54582      5496    
19:35:45.222015 s10.0.2.15.54582      d13.224.212.47.443    0       
19:35:45.222154 s13.224.212.47.443    d10.0.2.15.54582      1374    
19:35:45.222161 s10.0.2.15.54582      d13.224.212.47.443    0       
19:35:45.222619 s13.224.212.47.443    d10.0.2.15.54582      4122    
19:35:45.222635 s10.0.2.15.54582      d13.224.212.47.443    0       
19:35:45.225451 s13.224.212.47.443    d10.0.2.15.54582      12366   
19:35:45.225503 s10.0.2.15.54582      d13.224.212.47.443    0       
19:35:45.225642 s13.224.212.47.443    d10.0.2.15.54582      4122    
19:35:45.225643 s13.224.212.47.443    d10.0.2.15.54582      2748    
19:35:45.225644 s13.224.212.47.443    d10.0.2.15.54582      2748    
19:35:45.225657 s10.0.2.15.54582      d13.224.212.47.443    0       
19:35:45.225679 s10.0.2.15.54582      d13.224.212.47.443    0       
19:35:45.225692 s10.0.2.15.54582      d13.224.212.47.443    0       
19:35:45.225948 s13.224.212.47.443    d10.0.2.15.54582      5496    
19:35:45.225955 s10.0.2.15.54582      d13.224.212.47.443    0       
19:35:45.226326 s13.224.212.47.443    d10.0.2.15.54582      2748    
19:35:45.226337 s10.0.2.15.54582      d13.224.212.47.443    0       
19:35:45.227451 s13.224.212.47.443    d10.0.2.15.54582      8244    
19:35:45.227526 s10.0.2.15.54582      d13.224.212.47.443    0       
19:35:45.227820 s13.224.212.47.443    d10.0.2.15.54582      2748    
19:35:45.227823 s13.224.212.47.443    d10.0.2.15.54582      4122    
19:35:45.227839 s10.0.2.15.54582      d13.224.212.47.443    0       
19:35:45.227860 s10.0.2.15.54582      d13.224.212.47.443    0       
19:35:45.227947 s13.224.212.47.443    d10.0.2.15.54582      2748    
19:35:45.227948 s13.224.212.47.443    d10.0.2.15.54582      1374    
19:35:45.227955 s10.0.2.15.54582      d13.224.212.47.443    0       
19:35:45.227968 s10.0.2.15.54582      d13.224.212.47.443    0       
19:35:45.229806 s13.224.212.47.443    d10.0.2.15.54582      10992   
19:35:45.229868 s10.0.2.15.54582      d13.224.212.47.443    0       
19:35:45.229989 s13.224.212.47.443    d10.0.2.15.54582      6870    
19:35:45.229991 s13.224.212.47.443    d10.0.2.15.54582      5496    
19:35:45.230007 s10.0.2.15.54582      d13.224.212.47.443    0       
19:35:45.230026 s10.0.2.15.54582      d13.224.212.47.443    0       
19:35:45.231505 s13.224.212.47.443    d10.0.2.15.54582      4122    
19:35:45.231690 s10.0.2.15.54582      d13.224.212.47.443    0       
19:35:45.231866 s13.224.212.47.443    d10.0.2.15.54582      2748    
19:35:45.231876 s10.0.2.15.54582      d13.224.212.47.443    0       
19:35:45.233318 s13.224.212.47.443    d10.0.2.15.54582      8244    
19:35:45.233343 s10.0.2.15.54582      d13.224.212.47.443    0       
19:35:45.234708 s13.224.212.47.443    d10.0.2.15.54582      6870    
19:35:45.234710 s13.224.212.47.443    d10.0.2.15.54582      5496    
19:35:45.234793 s10.0.2.15.54582      d13.224.212.47.443    0       
19:35:45.234834 s10.0.2.15.54582      d13.224.212.47.443    0       
19:35:45.234926 s13.224.212.47.443    d10.0.2.15.54582      4122    
19:35:45.234928 s13.224.212.47.443    d10.0.2.15.54582      5496    
19:35:45.234929 s13.224.212.47.443    d10.0.2.15.54582      2748    
19:35:45.234943 s10.0.2.15.54582      d13.224.212.47.443    0       
19:35:45.234963 s10.0.2.15.54582      d13.224.212.47.443    0       
19:35:45.234980 s10.0.2.15.54582      d13.224.212.47.443    0       
19:35:45.235005 s13.224.212.47.443    d10.0.2.15.54582      5496    
19:35:45.235010 s10.0.2.15.54582      d13.224.212.47.443    0       
19:35:45.235254 s13.224.212.47.443    d10.0.2.15.54582      4122    
19:35:45.235256 s13.224.212.47.443    d10.0.2.15.54582      2748    
19:35:45.235268 s10.0.2.15.54582      d13.224.212.47.443    0       
19:35:45.235283 s10.0.2.15.54582      d13.224.212.47.443    0       
19:35:45.235363 s13.224.212.47.443    d10.0.2.15.54582      1374    
19:35:45.235369 s10.0.2.15.54582      d13.224.212.47.443    0       
19:35:45.236111 s13.224.212.47.443    d10.0.2.15.54582      6870    
19:35:45.236265 s13.224.212.47.443    d10.0.2.15.54582      4122    
19:35:45.236433 s13.224.212.47.443    d10.0.2.15.54582      2748    
19:35:45.236676 s13.224.212.47.443    d10.0.2.15.54582      2748    
19:35:45.236677 s13.224.212.47.443    d10.0.2.15.54582      2748    
19:35:45.236825 s13.224.212.47.443    d10.0.2.15.54582      4122    
19:35:45.236972 s13.224.212.47.443    d10.0.2.15.54582      1374    
19:35:45.237528 s13.224.212.47.443    d10.0.2.15.54582      5496    
19:35:45.237531 s13.224.212.47.443    d10.0.2.15.54582      5496    
19:35:45.237995 s10.0.2.15.54582      d13.224.212.47.443    0       
19:35:45.238018 s10.0.2.15.54582      d13.224.212.47.443    0       
19:35:45.238372 s13.224.212.47.443    d10.0.2.15.54582      2920    
19:35:45.238579 s13.224.212.47.443    d10.0.2.15.54582      14942   
19:35:45.238590 s13.224.212.47.443    d10.0.2.15.54582      1374    
19:35:45.238883 s10.0.2.15.54582      d13.224.212.47.443    0       
19:35:45.239305 s13.224.212.47.443    d10.0.2.15.54582      4122    
19:35:45.239615 s13.224.212.47.443    d10.0.2.15.54582      4122    
19:35:45.239935 s13.224.212.47.443    d10.0.2.15.54582      2748    
19:35:45.239938 s13.224.212.47.443    d10.0.2.15.54582      5496    
19:35:45.240107 s13.224.212.47.443    d10.0.2.15.54582      4122    
19:35:45.240365 s13.224.212.47.443    d10.0.2.15.54582      2748    
19:35:45.240367 s13.224.212.47.443    d10.0.2.15.54582      2748    
19:35:45.240483 s13.224.212.47.443    d10.0.2.15.54582      1374    
19:35:45.240630 s10.0.2.15.54582      d13.224.212.47.443    0       
19:35:45.240652 s10.0.2.15.54582      d13.224.212.47.443    0       
19:35:45.240863 s13.224.212.47.443    d10.0.2.15.54582      4122    
19:35:45.240874 s10.0.2.15.54582      d13.224.212.47.443    0       
19:35:45.241119 s13.224.212.47.443    d10.0.2.15.54582      5496    
19:35:45.241134 s10.0.2.15.54582      d13.224.212.47.443    0       
19:35:45.241367 s13.224.212.47.443    d10.0.2.15.54582      4122    
19:35:45.241380 s10.0.2.15.54582      d13.224.212.47.443    0       
19:35:45.241679 s13.224.212.47.443    d10.0.2.15.54582      2748    
19:35:45.241682 s13.224.212.47.443    d10.0.2.15.54582      5496    
19:35:45.241697 s10.0.2.15.54582      d13.224.212.47.443    0       
19:35:45.241714 s10.0.2.15.54582      d13.224.212.47.443    0       
19:35:45.242805 s13.224.212.47.443    d10.0.2.15.54582      1374    
19:35:45.242808 s13.224.212.47.443    d10.0.2.15.54582      5496    
19:35:45.242809 s13.224.212.47.443    d10.0.2.15.54582      2748    
19:35:45.243036 s10.0.2.15.54582      d13.224.212.47.443    0       
19:35:45.243079 s10.0.2.15.54582      d13.224.212.47.443    0       
19:35:45.243096 s10.0.2.15.54582      d13.224.212.47.443    0       
19:35:45.243286 s13.224.212.47.443    d10.0.2.15.54582      2748    
19:35:45.243288 s13.224.212.47.443    d10.0.2.15.54582      5496    
19:35:45.243289 s13.224.212.47.443    d10.0.2.15.54582      4122    
19:35:45.243417 s10.0.2.15.54582      d13.224.212.47.443    0       
19:35:45.243450 s10.0.2.15.54582      d13.224.212.47.443    0       
19:35:45.243461 s10.0.2.15.54582      d13.224.212.47.443    0       
19:35:45.243479 s13.224.212.47.443    d10.0.2.15.54582      2748    
19:35:45.243482 s10.0.2.15.54582      d13.224.212.47.443    0       
19:35:45.245112 s13.224.212.47.443    d10.0.2.15.54582      5104    
19:35:45.245132 s10.0.2.15.54582      d13.224.212.47.443    0       
19:35:45.250713 s13.224.212.47.443    d10.0.2.15.54582      8244    
19:35:45.250716 s13.224.212.47.443    d10.0.2.15.54582      4122    
19:35:45.250760 s10.0.2.15.54582      d13.224.212.47.443    0       
19:35:45.250851 s10.0.2.15.54582      d13.224.212.47.443    0       
19:35:45.250889 s13.224.212.47.443    d10.0.2.15.54582      4040    
19:35:45.250891 s13.224.212.47.443    d10.0.2.15.54582      5496    
19:35:45.250899 s10.0.2.15.54582      d13.224.212.47.443    0       
19:35:45.250962 s10.0.2.15.54582      d13.224.212.47.443    0       
19:35:45.251655 s13.224.212.47.443    d10.0.2.15.54582      2748    
19:35:45.251658 s13.224.212.47.443    d10.0.2.15.54582      5496    
19:35:45.251660 s13.224.212.47.443    d10.0.2.15.54582      5496    
19:35:45.251687 s10.0.2.15.54582      d13.224.212.47.443    0       
19:35:45.251715 s10.0.2.15.54582      d13.224.212.47.443    0       
19:35:45.251728 s10.0.2.15.54582      d13.224.212.47.443    0       
19:35:45.251751 s13.224.212.47.443    d10.0.2.15.54582      2748    
19:35:45.251758 s10.0.2.15.54582      d13.224.212.47.443    0       
19:35:45.253156 s13.224.212.47.443    d10.0.2.15.54582      6870    
19:35:45.253257 s10.0.2.15.54582      d13.224.212.47.443    0       
19:35:45.253494 s13.224.212.47.443    d10.0.2.15.54582      4122    
19:35:45.253496 s13.224.212.47.443    d10.0.2.15.54582      5496    
19:35:45.253506 s10.0.2.15.54582      d13.224.212.47.443    0       
19:35:45.253524 s10.0.2.15.54582      d13.224.212.47.443    0       
19:35:45.254523 s13.224.212.47.443    d10.0.2.15.54582      6870    
19:35:45.254538 s10.0.2.15.54582      d13.224.212.47.443    0       
19:35:45.254641 s13.224.212.47.443    d10.0.2.15.54582      4379    
19:35:45.254647 s10.0.2.15.54582      d13.224.212.47.443    0       
19:35:45.257750 s13.224.212.47.443    d10.0.2.15.54582      10992   
19:35:45.257777 s10.0.2.15.54582      d13.224.212.47.443    0       
19:35:45.257833 s13.224.212.47.443    d10.0.2.15.54582      2748    
19:35:45.257835 s13.224.212.47.443    d10.0.2.15.54582      5414    
19:35:45.257836 s13.224.212.47.443    d10.0.2.15.54582      4122    
19:35:45.257846 s10.0.2.15.54582      d13.224.212.47.443    0       
19:35:45.257858 s10.0.2.15.54582      d13.224.212.47.443    0       
19:35:45.257867 s10.0.2.15.54582      d13.224.212.47.443    0       
19:35:45.258778 s13.224.212.47.443    d10.0.2.15.54582      5496    
19:35:45.258781 s13.224.212.47.443    d10.0.2.15.54582      2748    
19:35:45.259158 s13.224.212.47.443    d10.0.2.15.54582      2748    
19:35:45.259160 s13.224.212.47.443    d10.0.2.15.54582      5496    
19:35:45.259434 s13.224.212.47.443    d10.0.2.15.54582      5496    
19:35:45.259435 s13.224.212.47.443    d10.0.2.15.54582      2748    
19:35:45.260218 s10.0.2.15.54582      d13.224.212.47.443    0       
19:35:45.260254 s13.224.212.47.443    d10.0.2.15.54582      6706    
19:35:45.260493 s13.224.212.47.443    d10.0.2.15.54582      6870    
19:35:45.260741 s13.224.212.47.443    d10.0.2.15.54582      4134    
19:35:45.260868 s10.0.2.15.54582      d13.224.212.47.443    0       
19:35:45.264015 s13.224.212.47.443    d10.0.2.15.54582      6870    
19:35:45.264019 s13.224.212.47.443    d10.0.2.15.54582      6870    
19:35:45.264041 s10.0.2.15.54582      d13.224.212.47.443    0       
19:35:45.264184 s10.0.2.15.54582      d13.224.212.47.443    0       
19:35:45.264436 s13.224.212.47.443    d10.0.2.15.54582      4040    
19:35:45.264508 s10.0.2.15.54582      d13.224.212.47.443    0       
19:35:45.264761 s13.224.212.47.443    d10.0.2.15.54582      8244    
19:35:45.264763 s13.224.212.47.443    d10.0.2.15.54582      5496    
19:35:45.264775 s10.0.2.15.54582      d13.224.212.47.443    0       
19:35:45.264796 s10.0.2.15.54582      d13.224.212.47.443    0       
19:35:45.265284 s13.224.212.47.443    d10.0.2.15.54582      5496    
19:35:45.265286 s13.224.212.47.443    d10.0.2.15.54582      5496    
19:35:45.265311 s13.224.212.47.443    d10.0.2.15.54582      2920    
19:35:45.265489 s13.224.212.47.443    d10.0.2.15.54582      2576    
19:35:45.265523 s10.0.2.15.54582      d13.224.212.47.443    0       
19:35:45.265717 s13.224.212.47.443    d10.0.2.15.54582      3958    
19:35:45.265729 s10.0.2.15.54582      d13.224.212.47.443    0       
19:35:45.266006 s13.224.212.47.443    d10.0.2.15.54582      5496    
19:35:45.266008 s13.224.212.47.443    d10.0.2.15.54582      2748    
19:35:45.266019 s10.0.2.15.54582      d13.224.212.47.443    0       
19:35:45.266036 s10.0.2.15.54582      d13.224.212.47.443    0       
19:35:45.266444 s13.224.212.47.443    d10.0.2.15.54582      5517    
19:35:45.266454 s10.0.2.15.54582      d13.224.212.47.443    0       
19:35:45.267926 s13.224.212.47.443    d10.0.2.15.54582      4122    
19:35:45.267929 s13.224.212.47.443    d10.0.2.15.54582      5496    
19:35:45.267954 s10.0.2.15.54582      d13.224.212.47.443    0       
19:35:45.268100 s10.0.2.15.54582      d13.224.212.47.443    0       
19:35:45.268318 s13.224.212.47.443    d10.0.2.15.54582      4122    
19:35:45.268321 s13.224.212.47.443    d10.0.2.15.54582      5414    
19:35:45.268332 s10.0.2.15.54582      d13.224.212.47.443    0       
19:35:45.268349 s10.0.2.15.54582      d13.224.212.47.443    0       
19:35:45.268434 s13.224.212.47.443    d10.0.2.15.54582      4122    
19:35:45.268439 s10.0.2.15.54582      d13.224.212.47.443    0       
19:35:45.273042 s13.224.212.47.443    d10.0.2.15.54582      10992   
19:35:45.273102 s10.0.2.15.54582      d13.224.212.47.443    0       
19:35:45.273400 s13.224.212.47.443    d10.0.2.15.54582      4122    
19:35:45.273402 s13.224.212.47.443    d10.0.2.15.54582      2748    
19:35:45.273403 s13.224.212.47.443    d10.0.2.15.54582      5496    
19:35:45.273420 s10.0.2.15.54582      d13.224.212.47.443    0       
19:35:45.273576 s10.0.2.15.54582      d13.224.212.47.443    0       
19:35:45.273758 s10.0.2.15.54582      d13.224.212.47.443    0       
19:35:45.273787 s13.224.212.47.443    d10.0.2.15.54582      3958    
19:35:45.273788 s13.224.212.47.443    d10.0.2.15.54582      4122    
19:35:45.273790 s13.224.212.47.443    d10.0.2.15.54582      4122    
19:35:45.273857 s10.0.2.15.54582      d13.224.212.47.443    0       
19:35:45.273942 s10.0.2.15.54582      d13.224.212.47.443    0       
19:35:45.274714 s10.0.2.15.54582      d13.224.212.47.443    0       
19:35:45.274741 s13.224.212.47.443    d10.0.2.15.54582      2748    
19:35:45.274742 s13.224.212.47.443    d10.0.2.15.54582      5517    
19:35:45.274743 s13.224.212.47.443    d10.0.2.15.54582      2748    
19:35:45.274749 s10.0.2.15.54582      d13.224.212.47.443    0       
19:35:45.274761 s10.0.2.15.54582      d13.224.212.47.443    0       
19:35:45.274774 s10.0.2.15.54582      d13.224.212.47.443    0       
19:35:45.274790 s13.224.212.47.443    d10.0.2.15.54582      2748    
19:35:45.274791 s13.224.212.47.443    d10.0.2.15.54582      4122    
19:35:45.274792 s13.224.212.47.443    d10.0.2.15.54582      2748    
19:35:45.274793 s13.224.212.47.443    d10.0.2.15.54582      2666    
19:35:45.274799 s10.0.2.15.54582      d13.224.212.47.443    0       
19:35:45.274813 s10.0.2.15.54582      d13.224.212.47.443    0       
19:35:45.274824 s10.0.2.15.54582      d13.224.212.47.443    0       
19:35:45.274833 s10.0.2.15.54582      d13.224.212.47.443    0       
19:35:45.275878 s13.224.212.47.443    d10.0.2.15.54582      4162    
19:35:45.275880 s13.224.212.47.443    d10.0.2.15.54582      4122    
19:35:45.275881 s13.224.212.47.443    d10.0.2.15.54582      2748    
19:35:45.275904 s10.0.2.15.54582      d13.224.212.47.443    0       
19:35:45.276071 s10.0.2.15.54582      d13.224.212.47.443    0       
19:35:45.276093 s10.0.2.15.54582      d13.224.212.47.443    0       
19:35:45.277056 s13.224.212.47.443    d10.0.2.15.54582      2748    
19:35:45.277058 s13.224.212.47.443    d10.0.2.15.54582      2666    
19:35:45.277060 s13.224.212.47.443    d10.0.2.15.54582      4122    
19:35:45.277060 s13.224.212.47.443    d10.0.2.15.54582      2748    
19:35:45.277213 s10.0.2.15.54582      d13.224.212.47.443    0       
19:35:45.277270 s10.0.2.15.54582      d13.224.212.47.443    0       
19:35:45.277285 s10.0.2.15.54582      d13.224.212.47.443    0       
19:35:45.277296 s10.0.2.15.54582      d13.224.212.47.443    0       
19:35:45.277319 s13.224.212.47.443    d10.0.2.15.54582      5496    
19:35:45.277320 s13.224.212.47.443    d10.0.2.15.54582      2748    
19:35:45.277321 s13.224.212.47.443    d10.0.2.15.54582      2748    
19:35:45.277329 s10.0.2.15.54582      d13.224.212.47.443    0       
19:35:45.277389 s10.0.2.15.54582      d13.224.212.47.443    0       
19:35:45.277463 s10.0.2.15.54582      d13.224.212.47.443    0       
19:35:45.277635 s13.224.212.47.443    d10.0.2.15.54582      1374    
19:35:45.277637 s13.224.212.47.443    d10.0.2.15.54582      4122    
19:35:45.277638 s13.224.212.47.443    d10.0.2.15.54582      4122    
19:35:45.277639 s13.224.212.47.443    d10.0.2.15.54582      4122    
19:35:45.277690 s10.0.2.15.54582      d13.224.212.47.443    0       
19:35:45.277914 s13.224.212.47.443    d10.0.2.15.54582      1210    
19:35:45.278189 s13.224.212.47.443    d10.0.2.15.54582      4122    
19:35:45.278191 s13.224.212.47.443    d10.0.2.15.54582      5496    
19:35:45.278443 s13.224.212.47.443    d10.0.2.15.54582      1374    
19:35:45.278444 s13.224.212.47.443    d10.0.2.15.54582      4122    
19:35:45.278759 s13.224.212.47.443    d10.0.2.15.54582      1386    
19:35:45.278760 s13.224.212.47.443    d10.0.2.15.54582      4122    
19:35:45.279355 s10.0.2.15.54582      d13.224.212.47.443    0       
19:35:45.279696 s13.224.212.47.443    d10.0.2.15.54582      9618    
19:35:45.279889 s10.0.2.15.54582      d13.224.212.47.443    0       
19:35:45.280015 s13.224.212.47.443    d10.0.2.15.54582      6294    
19:35:45.280154 s13.224.212.47.443    d10.0.2.15.54582      4122    
19:35:45.280172 s10.0.2.15.54582      d13.224.212.47.443    0       
19:35:45.280238 s10.0.2.15.54582      d13.224.212.47.443    0       
19:35:45.280564 s13.224.212.47.443    d10.0.2.15.54582      2748    
19:35:45.280566 s13.224.212.47.443    d10.0.2.15.54582      4122    
19:35:45.280641 s13.224.212.47.443    d10.0.2.15.54582      5414    
19:35:45.280670 s10.0.2.15.54582      d13.224.212.47.443    0       
19:35:45.280894 s13.224.212.47.443    d10.0.2.15.54582      4122    
19:35:45.280903 s10.0.2.15.54582      d13.224.212.47.443    0       
19:35:45.281245 s13.224.212.47.443    d10.0.2.15.54582      2748    
19:35:45.281282 s13.224.212.47.443    d10.0.2.15.54582      1374    
19:35:45.281284 s13.224.212.47.443    d10.0.2.15.54582      4122    
19:35:45.281493 s13.224.212.47.443    d10.0.2.15.54582      2748    
19:35:45.281533 s10.0.2.15.54582      d13.224.212.47.443    0       
19:35:45.281697 s13.224.212.47.443    d10.0.2.15.54582      1374    
19:35:45.282232 s13.224.212.47.443    d10.0.2.15.54582      4122    
19:35:45.282325 s13.224.212.47.443    d10.0.2.15.54582      4122    
19:35:45.282421 s10.0.2.15.54582      d13.224.212.47.443    0       
19:35:45.282617 s13.224.212.47.443    d10.0.2.15.54582      5332    
19:35:45.282675 s10.0.2.15.54582      d13.224.212.47.443    0       
19:35:45.282878 s13.224.212.47.443    d10.0.2.15.54582      5496    
19:35:45.282888 s10.0.2.15.54582      d13.224.212.47.443    0       
19:35:45.282988 s13.224.212.47.443    d10.0.2.15.54582      4122    
19:35:45.282994 s10.0.2.15.54582      d13.224.212.47.443    0       
19:35:45.283150 s13.224.212.47.443    d10.0.2.15.54582      2748    
19:35:45.283213 s10.0.2.15.54582      d13.224.212.47.443    0       
19:35:45.283274 s13.224.212.47.443    d10.0.2.15.54582      2769    
19:35:45.283318 s10.0.2.15.54582      d13.224.212.47.443    0       
19:35:45.284110 s13.224.212.47.443    d10.0.2.15.54582      4122    
19:35:45.284123 s10.0.2.15.54582      d13.224.212.47.443    0       
19:35:45.284401 s13.224.212.47.443    d10.0.2.15.54582      6870    
19:35:45.284823 s13.224.212.47.443    d10.0.2.15.54582      2748    
19:35:45.284995 s13.224.212.47.443    d10.0.2.15.54582      2666    
19:35:45.284996 s13.224.212.47.443    d10.0.2.15.54582      4122    
19:35:45.284997 s13.224.212.47.443    d10.0.2.15.54582      4122    
19:35:45.285069 s10.0.2.15.54582      d13.224.212.47.443    0       
19:35:45.285198 s13.224.212.47.443    d10.0.2.15.54582      1374    
19:35:45.285200 s13.224.212.47.443    d10.0.2.15.54582      5496    
19:35:45.285246 s10.0.2.15.54582      d13.224.212.47.443    0       
19:35:45.285499 s13.224.212.47.443    d10.0.2.15.54582      4122    
19:35:45.285616 s10.0.2.15.54582      d13.224.212.47.443    0       
19:35:45.285823 s13.224.212.47.443    d10.0.2.15.54582      4122    
19:35:45.285855 s10.0.2.15.54582      d13.224.212.47.443    0       
19:35:45.286555 s13.224.212.47.443    d10.0.2.15.54582      6870    
19:35:45.286557 s13.224.212.47.443    d10.0.2.15.54582      5332    
19:35:45.286570 s10.0.2.15.54582      d13.224.212.47.443    0       
19:35:45.286780 s13.224.212.47.443    d10.0.2.15.54582      4122    
19:35:45.286819 s10.0.2.15.54582      d13.224.212.47.443    0       
19:35:45.287211 s13.224.212.47.443    d10.0.2.15.54582      2748    
19:35:45.287214 s13.224.212.47.443    d10.0.2.15.54582      1374    
19:35:45.287312 s10.0.2.15.54582      d13.224.212.47.443    0       
19:35:45.287601 s13.224.212.47.443    d10.0.2.15.54582      4122    
19:35:45.287604 s13.224.212.47.443    d10.0.2.15.54582      4122    
19:35:45.287605 s13.224.212.47.443    d10.0.2.15.54582      4122    
19:35:45.287831 s13.224.212.47.443    d10.0.2.15.54582      4122    
19:35:45.287901 s13.224.212.47.443    d10.0.2.15.54582      2748    
19:35:45.287938 s10.0.2.15.54582      d13.224.212.47.443    0       
19:35:45.288798 s13.224.212.47.443    d10.0.2.15.54582      4070    
19:35:45.288800 s13.224.212.47.443    d10.0.2.15.54582      2748    
19:35:45.288818 s10.0.2.15.54582      d13.224.212.47.443    0       
19:35:45.289068 s10.0.2.15.54582      d13.224.212.47.443    0       
19:35:45.289623 s13.224.212.47.443    d10.0.2.15.54582      6870    
19:35:45.289873 s10.0.2.15.54582      d13.224.212.47.443    0       
19:35:45.290496 s13.224.212.47.443    d10.0.2.15.54582      4122    
19:35:45.290541 s13.224.212.47.443    d10.0.2.15.54582      5414    
19:35:45.290543 s13.224.212.47.443    d10.0.2.15.54582      4122    
19:35:45.290753 s13.224.212.47.443    d10.0.2.15.54582      4122    
19:35:45.290756 s13.224.212.47.443    d10.0.2.15.54582      2748    
19:35:45.291301 s13.224.212.47.443    d10.0.2.15.54582      4122    
19:35:45.291303 s13.224.212.47.443    d10.0.2.15.54582      2748    
19:35:45.291304 s13.224.212.47.443    d10.0.2.15.54582      2748    
19:35:45.291304 s13.224.212.47.443    d10.0.2.15.54582      2748    
19:35:45.291391 s10.0.2.15.54582      d13.224.212.47.443    0       
19:35:45.292084 s13.224.212.47.443    d10.0.2.15.54582      9454    
