19:36:44.214870 s10.0.2.15.48090      d13.224.212.45.443    0       
19:36:44.231214 s13.224.212.45.443    d10.0.2.15.48090      0       
19:36:44.231260 s10.0.2.15.48090      d13.224.212.45.443    0       
19:36:44.242145 s10.0.2.15.48090      d13.224.212.45.443    517     
19:36:44.242410 s13.224.212.45.443    d10.0.2.15.48090      0       
19:36:44.260141 s13.224.212.45.443    d10.0.2.15.48090      2920    
19:36:44.260180 s10.0.2.15.48090      d13.224.212.45.443    0       
19:36:44.260431 s13.224.212.45.443    d10.0.2.15.48090      1202    
19:36:44.260442 s10.0.2.15.48090      d13.224.212.45.443    0       
19:36:44.262378 s13.224.212.45.443    d10.0.2.15.48090      1701    
19:36:44.262400 s10.0.2.15.48090      d13.224.212.45.443    0       
19:36:44.263847 s10.0.2.15.48090      d13.224.212.45.443    64      
19:36:44.264243 s13.224.212.45.443    d10.0.2.15.48090      0       
19:36:44.264366 s10.0.2.15.48090      d13.224.212.45.443    46      
19:36:44.264554 s10.0.2.15.48090      d13.224.212.45.443    49      
19:36:44.264678 s13.224.212.45.443    d10.0.2.15.48090      0       
19:36:44.264735 s10.0.2.15.48090      d13.224.212.45.443    35      
19:36:44.264788 s10.0.2.15.48090      d13.224.212.45.443    60      
19:36:44.264936 s13.224.212.45.443    d10.0.2.15.48090      0       
19:36:44.264937 s13.224.212.45.443    d10.0.2.15.48090      0       
19:36:44.265089 s13.224.212.45.443    d10.0.2.15.48090      0       
19:36:44.278272 s13.224.212.45.443    d10.0.2.15.48090      62      
19:36:44.278294 s10.0.2.15.48090      d13.224.212.45.443    0       
19:36:44.278565 s10.0.2.15.48090      d13.224.212.45.443    31      
19:36:44.278906 s13.224.212.45.443    d10.0.2.15.48090      0       
19:36:44.279099 s13.224.212.45.443    d10.0.2.15.48090      31      
19:36:44.279108 s10.0.2.15.48090      d13.224.212.45.443    0       
19:36:44.292368 s13.224.212.45.443    d10.0.2.15.48090      4122    
19:36:44.292391 s10.0.2.15.48090      d13.224.212.45.443    0       
19:36:44.295513 s13.224.212.45.443    d10.0.2.15.48090      11680   
19:36:44.295543 s10.0.2.15.48090      d13.224.212.45.443    0       
19:36:44.295704 s13.224.212.45.443    d10.0.2.15.48090      11678   
19:36:44.295715 s10.0.2.15.48090      d13.224.212.45.443    0       
19:36:44.297368 s13.224.212.45.443    d10.0.2.15.48090      10992   
19:36:44.297387 s10.0.2.15.48090      d13.224.212.45.443    0       
19:36:44.298295 s13.224.212.45.443    d10.0.2.15.48090      4122    
19:36:44.298313 s10.0.2.15.48090      d13.224.212.45.443    0       
19:36:44.299271 s13.224.212.45.443    d10.0.2.15.48090      1374    
19:36:44.299595 s10.0.2.15.48090      d13.224.212.45.443    0       
19:36:44.307272 s13.224.212.45.443    d10.0.2.15.48090      4122    
19:36:44.307376 s10.0.2.15.48090      d13.224.212.45.443    0       
19:36:44.310454 s13.224.212.45.443    d10.0.2.15.48090      9618    
19:36:44.310548 s10.0.2.15.48090      d13.224.212.45.443    0       
19:36:44.311206 s13.224.212.45.443    d10.0.2.15.48090      6870    
19:36:44.311269 s10.0.2.15.48090      d13.224.212.45.443    0       
19:36:44.312389 s13.224.212.45.443    d10.0.2.15.48090      6870    
19:36:44.312393 s13.224.212.45.443    d10.0.2.15.48090      2748    
19:36:44.312419 s10.0.2.15.48090      d13.224.212.45.443    0       
19:36:44.312459 s10.0.2.15.48090      d13.224.212.45.443    0       
19:36:44.314730 s13.224.212.45.443    d10.0.2.15.48090      8244    
19:36:44.314754 s10.0.2.15.48090      d13.224.212.45.443    0       
19:36:44.314936 s13.224.212.45.443    d10.0.2.15.48090      2748    
19:36:44.314944 s10.0.2.15.48090      d13.224.212.45.443    0       
19:36:44.315494 s13.224.212.45.443    d10.0.2.15.48090      5496    
19:36:44.315510 s10.0.2.15.48090      d13.224.212.45.443    0       
19:36:44.316687 s13.224.212.45.443    d10.0.2.15.48090      5496    
19:36:44.316689 s13.224.212.45.443    d10.0.2.15.48090      2748    
19:36:44.316690 s13.224.212.45.443    d10.0.2.15.48090      2748    
19:36:44.316711 s10.0.2.15.48090      d13.224.212.45.443    0       
19:36:44.316750 s10.0.2.15.48090      d13.224.212.45.443    0       
19:36:44.316768 s10.0.2.15.48090      d13.224.212.45.443    0       
19:36:44.317753 s13.224.212.45.443    d10.0.2.15.48090      5496    
19:36:44.317770 s10.0.2.15.48090      d13.224.212.45.443    0       
19:36:44.318990 s13.224.212.45.443    d10.0.2.15.48090      6870    
19:36:44.319099 s10.0.2.15.48090      d13.224.212.45.443    0       
19:36:44.319875 s13.224.212.45.443    d10.0.2.15.48090      8244    
19:36:44.319925 s10.0.2.15.48090      d13.224.212.45.443    0       
19:36:44.320083 s13.224.212.45.443    d10.0.2.15.48090      1374    
19:36:44.320110 s10.0.2.15.48090      d13.224.212.45.443    0       
19:36:44.321083 s13.224.212.45.443    d10.0.2.15.48090      8244    
19:36:44.321195 s10.0.2.15.48090      d13.224.212.45.443    0       
19:36:44.323547 s13.224.212.45.443    d10.0.2.15.48090      1374    
19:36:44.323568 s10.0.2.15.48090      d13.224.212.45.443    0       
19:36:44.324097 s13.224.212.45.443    d10.0.2.15.48090      6870    
19:36:44.324201 s10.0.2.15.48090      d13.224.212.45.443    0       
19:36:44.324516 s13.224.212.45.443    d10.0.2.15.48090      4122    
19:36:44.324519 s13.224.212.45.443    d10.0.2.15.48090      4122    
19:36:44.324533 s10.0.2.15.48090      d13.224.212.45.443    0       
19:36:44.324559 s10.0.2.15.48090      d13.224.212.45.443    0       
19:36:44.325665 s13.224.212.45.443    d10.0.2.15.48090      5496    
19:36:44.325678 s10.0.2.15.48090      d13.224.212.45.443    0       
19:36:44.326313 s13.224.212.45.443    d10.0.2.15.48090      6870    
19:36:44.326316 s13.224.212.45.443    d10.0.2.15.48090      4122    
19:36:44.326333 s10.0.2.15.48090      d13.224.212.45.443    0       
19:36:44.326375 s10.0.2.15.48090      d13.224.212.45.443    0       
19:36:44.327444 s13.224.212.45.443    d10.0.2.15.48090      6870    
19:36:44.327463 s10.0.2.15.48090      d13.224.212.45.443    0       
19:36:44.328568 s13.224.212.45.443    d10.0.2.15.48090      5496    
19:36:44.328571 s13.224.212.45.443    d10.0.2.15.48090      4122    
19:36:44.328594 s10.0.2.15.48090      d13.224.212.45.443    0       
19:36:44.328627 s10.0.2.15.48090      d13.224.212.45.443    0       
19:36:44.329647 s13.224.212.45.443    d10.0.2.15.48090      6870    
19:36:44.329664 s10.0.2.15.48090      d13.224.212.45.443    0       
19:36:44.330578 s13.224.212.45.443    d10.0.2.15.48090      6870    
19:36:44.330622 s10.0.2.15.48090      d13.224.212.45.443    0       
19:36:44.330835 s13.224.212.45.443    d10.0.2.15.48090      4122    
19:36:44.330836 s13.224.212.45.443    d10.0.2.15.48090      2748    
19:36:44.330847 s10.0.2.15.48090      d13.224.212.45.443    0       
19:36:44.330866 s10.0.2.15.48090      d13.224.212.45.443    0       
19:36:44.333443 s13.224.212.45.443    d10.0.2.15.48090      10992   
19:36:44.333463 s10.0.2.15.48090      d13.224.212.45.443    0       
19:36:44.333527 s13.224.212.45.443    d10.0.2.15.48090      5496    
19:36:44.333528 s13.224.212.45.443    d10.0.2.15.48090      2748    
19:36:44.333538 s10.0.2.15.48090      d13.224.212.45.443    0       
19:36:44.333682 s10.0.2.15.48090      d13.224.212.45.443    0       
19:36:44.335508 s13.224.212.45.443    d10.0.2.15.48090      12366   
19:36:44.335535 s10.0.2.15.48090      d13.224.212.45.443    0       
19:36:44.335601 s13.224.212.45.443    d10.0.2.15.48090      5496    
19:36:44.335611 s10.0.2.15.48090      d13.224.212.45.443    0       
19:36:44.336669 s13.224.212.45.443    d10.0.2.15.48090      4122    
19:36:44.336674 s13.224.212.45.443    d10.0.2.15.48090      8244    
19:36:44.336698 s10.0.2.15.48090      d13.224.212.45.443    0       
19:36:44.336741 s10.0.2.15.48090      d13.224.212.45.443    0       
19:36:44.337057 s13.224.212.45.443    d10.0.2.15.48090      5496    
19:36:44.337074 s10.0.2.15.48090      d13.224.212.45.443    0       
19:36:44.339630 s13.224.212.45.443    d10.0.2.15.48090      17862   
19:36:44.339650 s10.0.2.15.48090      d13.224.212.45.443    0       
19:36:44.339745 s13.224.212.45.443    d10.0.2.15.48090      15114   
19:36:44.339882 s10.0.2.15.48090      d13.224.212.45.443    0       
19:36:44.339958 s13.224.212.45.443    d10.0.2.15.48090      5496    
19:36:44.339968 s10.0.2.15.48090      d13.224.212.45.443    0       
19:36:44.340457 s13.224.212.45.443    d10.0.2.15.48090      5496    
19:36:44.340460 s13.224.212.45.443    d10.0.2.15.48090      2748    
19:36:44.340476 s10.0.2.15.48090      d13.224.212.45.443    0       
19:36:44.340592 s10.0.2.15.48090      d13.224.212.45.443    0       
19:36:44.340720 s13.224.212.45.443    d10.0.2.15.48090      2748    
19:36:44.340721 s13.224.212.45.443    d10.0.2.15.48090      4122    
19:36:44.340732 s10.0.2.15.48090      d13.224.212.45.443    0       
19:36:44.340745 s10.0.2.15.48090      d13.224.212.45.443    0       
19:36:44.341190 s13.224.212.45.443    d10.0.2.15.48090      2748    
19:36:44.341192 s13.224.212.45.443    d10.0.2.15.48090      2748    
19:36:44.341192 s13.224.212.45.443    d10.0.2.15.48090      2748    
19:36:44.341204 s10.0.2.15.48090      d13.224.212.45.443    0       
19:36:44.341223 s10.0.2.15.48090      d13.224.212.45.443    0       
19:36:44.341236 s10.0.2.15.48090      d13.224.212.45.443    0       
19:36:44.341967 s13.224.212.45.443    d10.0.2.15.48090      6870    
19:36:44.341985 s10.0.2.15.48090      d13.224.212.45.443    0       
19:36:44.342189 s13.224.212.45.443    d10.0.2.15.48090      4122    
19:36:44.342191 s13.224.212.45.443    d10.0.2.15.48090      2748    
19:36:44.342207 s10.0.2.15.48090      d13.224.212.45.443    0       
19:36:44.342227 s10.0.2.15.48090      d13.224.212.45.443    0       
19:36:44.342462 s13.224.212.45.443    d10.0.2.15.48090      1374    
19:36:44.342464 s13.224.212.45.443    d10.0.2.15.48090      4122    
19:36:44.342552 s10.0.2.15.48090      d13.224.212.45.443    0       
19:36:44.342571 s10.0.2.15.48090      d13.224.212.45.443    0       
19:36:44.342711 s13.224.212.45.443    d10.0.2.15.48090      2748    
19:36:44.342712 s13.224.212.45.443    d10.0.2.15.48090      1374    
19:36:44.342719 s10.0.2.15.48090      d13.224.212.45.443    0       
19:36:44.342730 s10.0.2.15.48090      d13.224.212.45.443    0       
19:36:44.343106 s13.224.212.45.443    d10.0.2.15.48090      4122    
19:36:44.343120 s10.0.2.15.48090      d13.224.212.45.443    0       
19:36:44.343271 s13.224.212.45.443    d10.0.2.15.48090      5496    
19:36:44.343282 s10.0.2.15.48090      d13.224.212.45.443    0       
19:36:44.343701 s13.224.212.45.443    d10.0.2.15.48090      5496    
19:36:44.343714 s10.0.2.15.48090      d13.224.212.45.443    0       
19:36:44.345220 s13.224.212.45.443    d10.0.2.15.48090      6870    
19:36:44.345222 s13.224.212.45.443    d10.0.2.15.48090      4122    
19:36:44.345268 s10.0.2.15.48090      d13.224.212.45.443    0       
19:36:44.345329 s10.0.2.15.48090      d13.224.212.45.443    0       
19:36:44.345350 s13.224.212.45.443    d10.0.2.15.48090      1374    
19:36:44.345354 s10.0.2.15.48090      d13.224.212.45.443    0       
19:36:44.345692 s13.224.212.45.443    d10.0.2.15.48090      4122    
19:36:44.345694 s13.224.212.45.443    d10.0.2.15.48090      2748    
19:36:44.345694 s13.224.212.45.443    d10.0.2.15.48090      2748    
19:36:44.345739 s10.0.2.15.48090      d13.224.212.45.443    0       
19:36:44.345754 s10.0.2.15.48090      d13.224.212.45.443    0       
19:36:44.345922 s10.0.2.15.48090      d13.224.212.45.443    0       
19:36:44.346270 s13.224.212.45.443    d10.0.2.15.48090      2748    
19:36:44.346272 s13.224.212.45.443    d10.0.2.15.48090      2748    
19:36:44.346282 s10.0.2.15.48090      d13.224.212.45.443    0       
19:36:44.346296 s10.0.2.15.48090      d13.224.212.45.443    0       
19:36:44.347080 s13.224.212.45.443    d10.0.2.15.48090      6870    
19:36:44.347096 s10.0.2.15.48090      d13.224.212.45.443    0       
19:36:44.347493 s13.224.212.45.443    d10.0.2.15.48090      4122    
19:36:44.347495 s13.224.212.45.443    d10.0.2.15.48090      4122    
19:36:44.347496 s13.224.212.45.443    d10.0.2.15.48090      2748    
19:36:44.347512 s10.0.2.15.48090      d13.224.212.45.443    0       
19:36:44.347534 s10.0.2.15.48090      d13.224.212.45.443    0       
19:36:44.347547 s10.0.2.15.48090      d13.224.212.45.443    0       
19:36:44.347563 s13.224.212.45.443    d10.0.2.15.48090      1374    
19:36:44.347568 s10.0.2.15.48090      d13.224.212.45.443    0       
19:36:44.349029 s13.224.212.45.443    d10.0.2.15.48090      9618    
19:36:44.349032 s13.224.212.45.443    d10.0.2.15.48090      6870    
19:36:44.349054 s10.0.2.15.48090      d13.224.212.45.443    0       
19:36:44.349087 s10.0.2.15.48090      d13.224.212.45.443    0       
19:36:44.349165 s13.224.212.45.443    d10.0.2.15.48090      4122    
19:36:44.349166 s13.224.212.45.443    d10.0.2.15.48090      4122    
19:36:44.349176 s10.0.2.15.48090      d13.224.212.45.443    0       
19:36:44.349188 s10.0.2.15.48090      d13.224.212.45.443    0       
19:36:44.350042 s13.224.212.45.443    d10.0.2.15.48090      5496    
19:36:44.350059 s10.0.2.15.48090      d13.224.212.45.443    0       
19:36:44.350394 s13.224.212.45.443    d10.0.2.15.48090      2748    
19:36:44.350397 s13.224.212.45.443    d10.0.2.15.48090      6870    
19:36:44.350411 s10.0.2.15.48090      d13.224.212.45.443    0       
19:36:44.350428 s10.0.2.15.48090      d13.224.212.45.443    0       
19:36:44.350541 s13.224.212.45.443    d10.0.2.15.48090      2748    
19:36:44.350547 s10.0.2.15.48090      d13.224.212.45.443    0       
19:36:44.350673 s13.224.212.45.443    d10.0.2.15.48090      4122    
19:36:44.350681 s10.0.2.15.48090      d13.224.212.45.443    0       
19:36:44.350933 s13.224.212.45.443    d10.0.2.15.48090      1374    
19:36:44.350935 s13.224.212.45.443    d10.0.2.15.48090      4122    
19:36:44.350935 s13.224.212.45.443    d10.0.2.15.48090      1460    
19:36:44.350945 s10.0.2.15.48090      d13.224.212.45.443    0       
19:36:44.350958 s10.0.2.15.48090      d13.224.212.45.443    0       
19:36:44.351012 s10.0.2.15.48090      d13.224.212.45.443    0       
19:36:44.351394 s13.224.212.45.443    d10.0.2.15.48090      1288    
19:36:44.351441 s10.0.2.15.48090      d13.224.212.45.443    0       
19:36:44.352058 s13.224.212.45.443    d10.0.2.15.48090      4122    
19:36:44.352060 s13.224.212.45.443    d10.0.2.15.48090      5496    
19:36:44.352076 s10.0.2.15.48090      d13.224.212.45.443    0       
19:36:44.352174 s10.0.2.15.48090      d13.224.212.45.443    0       
19:36:44.352398 s13.224.212.45.443    d10.0.2.15.48090      6870    
19:36:44.352409 s10.0.2.15.48090      d13.224.212.45.443    0       
19:36:44.352672 s13.224.212.45.443    d10.0.2.15.48090      4122    
19:36:44.352674 s13.224.212.45.443    d10.0.2.15.48090      1374    
19:36:44.352688 s10.0.2.15.48090      d13.224.212.45.443    0       
19:36:44.352707 s10.0.2.15.48090      d13.224.212.45.443    0       
19:36:44.352987 s13.224.212.45.443    d10.0.2.15.48090      5496    
19:36:44.352989 s13.224.212.45.443    d10.0.2.15.48090      4380    
19:36:44.353001 s10.0.2.15.48090      d13.224.212.45.443    0       
19:36:44.353051 s10.0.2.15.48090      d13.224.212.45.443    0       
19:36:44.353177 s13.224.212.45.443    d10.0.2.15.48090      1116    
19:36:44.353179 s13.224.212.45.443    d10.0.2.15.48090      4122    
19:36:44.353187 s10.0.2.15.48090      d13.224.212.45.443    0       
19:36:44.353242 s10.0.2.15.48090      d13.224.212.45.443    0       
19:36:44.353359 s13.224.212.45.443    d10.0.2.15.48090      4122    
19:36:44.353366 s10.0.2.15.48090      d13.224.212.45.443    0       
19:36:44.353662 s13.224.212.45.443    d10.0.2.15.48090      4122    
19:36:44.353671 s10.0.2.15.48090      d13.224.212.45.443    0       
19:36:44.353862 s13.224.212.45.443    d10.0.2.15.48090      2748    
19:36:44.353863 s13.224.212.45.443    d10.0.2.15.48090      1374    
19:36:44.353874 s10.0.2.15.48090      d13.224.212.45.443    0       
19:36:44.353885 s10.0.2.15.48090      d13.224.212.45.443    0       
19:36:44.354798 s13.224.212.45.443    d10.0.2.15.48090      4122    
19:36:44.354800 s13.224.212.45.443    d10.0.2.15.48090      2920    
19:36:44.354851 s10.0.2.15.48090      d13.224.212.45.443    0       
19:36:44.354884 s10.0.2.15.48090      d13.224.212.45.443    0       
19:36:44.355127 s13.224.212.45.443    d10.0.2.15.48090      2576    
19:36:44.355136 s13.224.212.45.443    d10.0.2.15.48090      4122    
19:36:44.355137 s13.224.212.45.443    d10.0.2.15.48090      5496    
19:36:44.355150 s10.0.2.15.48090      d13.224.212.45.443    0       
19:36:44.355388 s10.0.2.15.48090      d13.224.212.45.443    0       
19:36:44.355476 s10.0.2.15.48090      d13.224.212.45.443    0       
19:36:44.355504 s13.224.212.45.443    d10.0.2.15.48090      2748    
19:36:44.355505 s13.224.212.45.443    d10.0.2.15.48090      2748    
19:36:44.355513 s10.0.2.15.48090      d13.224.212.45.443    0       
19:36:44.355525 s10.0.2.15.48090      d13.224.212.45.443    0       
19:36:44.355767 s13.224.212.45.443    d10.0.2.15.48090      2748    
19:36:44.355768 s13.224.212.45.443    d10.0.2.15.48090      2748    
19:36:44.355776 s10.0.2.15.48090      d13.224.212.45.443    0       
19:36:44.355968 s10.0.2.15.48090      d13.224.212.45.443    0       
19:36:44.356216 s13.224.212.45.443    d10.0.2.15.48090      2748    
19:36:44.356217 s13.224.212.45.443    d10.0.2.15.48090      2748    
19:36:44.356218 s13.224.212.45.443    d10.0.2.15.48090      4122    
19:36:44.356228 s10.0.2.15.48090      d13.224.212.45.443    0       
19:36:44.356244 s10.0.2.15.48090      d13.224.212.45.443    0       
19:36:44.356256 s10.0.2.15.48090      d13.224.212.45.443    0       
19:36:44.357045 s13.224.212.45.443    d10.0.2.15.48090      5496    
19:36:44.357047 s13.224.212.45.443    d10.0.2.15.48090      1374    
19:36:44.357063 s10.0.2.15.48090      d13.224.212.45.443    0       
19:36:44.357084 s10.0.2.15.48090      d13.224.212.45.443    0       
19:36:44.357405 s13.224.212.45.443    d10.0.2.15.48090      4122    
19:36:44.357416 s10.0.2.15.48090      d13.224.212.45.443    0       
19:36:44.358088 s13.224.212.45.443    d10.0.2.15.48090      2748    
19:36:44.358090 s13.224.212.45.443    d10.0.2.15.48090      2748    
19:36:44.358091 s13.224.212.45.443    d10.0.2.15.48090      5496    
19:36:44.358105 s10.0.2.15.48090      d13.224.212.45.443    0       
19:36:44.358122 s10.0.2.15.48090      d13.224.212.45.443    0       
19:36:44.358132 s10.0.2.15.48090      d13.224.212.45.443    0       
19:36:44.358155 s13.224.212.45.443    d10.0.2.15.48090      4122    
19:36:44.358156 s13.224.212.45.443    d10.0.2.15.48090      2748    
19:36:44.358157 s13.224.212.45.443    d10.0.2.15.48090      2748    
19:36:44.358164 s10.0.2.15.48090      d13.224.212.45.443    0       
19:36:44.358176 s10.0.2.15.48090      d13.224.212.45.443    0       
19:36:44.358185 s10.0.2.15.48090      d13.224.212.45.443    0       
19:36:44.358548 s13.224.212.45.443    d10.0.2.15.48090      2748    
19:36:44.358550 s13.224.212.45.443    d10.0.2.15.48090      2748    
19:36:44.358550 s13.224.212.45.443    d10.0.2.15.48090      2748    
19:36:44.358564 s10.0.2.15.48090      d13.224.212.45.443    0       
19:36:44.358592 s10.0.2.15.48090      d13.224.212.45.443    0       
19:36:44.358603 s10.0.2.15.48090      d13.224.212.45.443    0       
19:36:44.359347 s13.224.212.45.443    d10.0.2.15.48090      4122    
19:36:44.359364 s10.0.2.15.48090      d13.224.212.45.443    0       
19:36:44.359798 s13.224.212.45.443    d10.0.2.15.48090      4122    
19:36:44.359802 s13.224.212.45.443    d10.0.2.15.48090      4122    
19:36:44.359803 s13.224.212.45.443    d10.0.2.15.48090      2748    
19:36:44.359821 s10.0.2.15.48090      d13.224.212.45.443    0       
19:36:44.359867 s10.0.2.15.48090      d13.224.212.45.443    0       
19:36:44.359878 s10.0.2.15.48090      d13.224.212.45.443    0       
19:36:44.359947 s13.224.212.45.443    d10.0.2.15.48090      2748    
19:36:44.359948 s13.224.212.45.443    d10.0.2.15.48090      1460    
19:36:44.359961 s10.0.2.15.48090      d13.224.212.45.443    0       
19:36:44.359977 s10.0.2.15.48090      d13.224.212.45.443    0       
19:36:44.360301 s13.224.212.45.443    d10.0.2.15.48090      1288    
19:36:44.360303 s13.224.212.45.443    d10.0.2.15.48090      5496    
19:36:44.360536 s10.0.2.15.48090      d13.224.212.45.443    0       
19:36:44.360724 s10.0.2.15.48090      d13.224.212.45.443    0       
19:36:44.360829 s13.224.212.45.443    d10.0.2.15.48090      4122    
19:36:44.360830 s13.224.212.45.443    d10.0.2.15.48090      2748    
19:36:44.360831 s13.224.212.45.443    d10.0.2.15.48090      4122    
19:36:44.360841 s10.0.2.15.48090      d13.224.212.45.443    0       
19:36:44.360853 s10.0.2.15.48090      d13.224.212.45.443    0       
19:36:44.360864 s10.0.2.15.48090      d13.224.212.45.443    0       
19:36:44.361714 s13.224.212.45.443    d10.0.2.15.48090      5496    
19:36:44.361773 s10.0.2.15.48090      d13.224.212.45.443    0       
19:36:44.361873 s13.224.212.45.443    d10.0.2.15.48090      5496    
19:36:44.362145 s10.0.2.15.48090      d13.224.212.45.443    0       
19:36:44.362372 s13.224.212.45.443    d10.0.2.15.48090      4122    
19:36:44.362374 s13.224.212.45.443    d10.0.2.15.48090      2748    
19:36:44.362375 s13.224.212.45.443    d10.0.2.15.48090      4122    
19:36:44.362391 s10.0.2.15.48090      d13.224.212.45.443    0       
19:36:44.362410 s10.0.2.15.48090      d13.224.212.45.443    0       
19:36:44.363114 s13.224.212.45.443    d10.0.2.15.48090      4122    
19:36:44.363116 s13.224.212.45.443    d10.0.2.15.48090      2748    
19:36:44.363117 s13.224.212.45.443    d10.0.2.15.48090      4122    
19:36:44.363149 s13.224.212.45.443    d10.0.2.15.48090      1374    
19:36:44.363150 s13.224.212.45.443    d10.0.2.15.48090      4122    
19:36:44.363150 s13.224.212.45.443    d10.0.2.15.48090      1374    
19:36:44.363187 s10.0.2.15.48090      d13.224.212.45.443    0       
19:36:44.364025 s13.224.212.45.443    d10.0.2.15.48090      5496    
19:36:44.364041 s10.0.2.15.48090      d13.224.212.45.443    0       
19:36:44.364365 s13.224.212.45.443    d10.0.2.15.48090      5496    
19:36:44.364368 s13.224.212.45.443    d10.0.2.15.48090      2748    
19:36:44.364383 s10.0.2.15.48090      d13.224.212.45.443    0       
19:36:44.364493 s10.0.2.15.48090      d13.224.212.45.443    0       
19:36:44.364643 s13.224.212.45.443    d10.0.2.15.48090      2748    
19:36:44.364645 s13.224.212.45.443    d10.0.2.15.48090      5496    
19:36:44.364704 s10.0.2.15.48090      d13.224.212.45.443    0       
19:36:44.364726 s10.0.2.15.48090      d13.224.212.45.443    0       
19:36:44.365321 s13.224.212.45.443    d10.0.2.15.48090      4122    
19:36:44.365323 s13.224.212.45.443    d10.0.2.15.48090      2748    
19:36:44.365323 s13.224.212.45.443    d10.0.2.15.48090      2748    
19:36:44.365324 s13.224.212.45.443    d10.0.2.15.48090      4122    
19:36:44.365343 s10.0.2.15.48090      d13.224.212.45.443    0       
19:36:44.365409 s10.0.2.15.48090      d13.224.212.45.443    0       
19:36:44.365423 s10.0.2.15.48090      d13.224.212.45.443    0       
19:36:44.365433 s10.0.2.15.48090      d13.224.212.45.443    0       
19:36:44.365459 s13.224.212.45.443    d10.0.2.15.48090      2748    
19:36:44.365463 s10.0.2.15.48090      d13.224.212.45.443    0       
19:36:44.365741 s13.224.212.45.443    d10.0.2.15.48090      1374    
19:36:44.365873 s10.0.2.15.48090      d13.224.212.45.443    0       
19:36:44.366451 s13.224.212.45.443    d10.0.2.15.48090      6870    
19:36:44.366465 s10.0.2.15.48090      d13.224.212.45.443    0       
19:36:44.366785 s13.224.212.45.443    d10.0.2.15.48090      5496    
19:36:44.366787 s13.224.212.45.443    d10.0.2.15.48090      4122    
19:36:44.366801 s10.0.2.15.48090      d13.224.212.45.443    0       
19:36:44.367131 s13.224.212.45.443    d10.0.2.15.48090      4122    
19:36:44.367132 s13.224.212.45.443    d10.0.2.15.48090      2748    
19:36:44.367133 s13.224.212.45.443    d10.0.2.15.48090      2748    
19:36:44.367245 s13.224.212.45.443    d10.0.2.15.48090      2748    
19:36:44.367330 s10.0.2.15.48090      d13.224.212.45.443    0       
19:36:44.367397 s13.224.212.45.443    d10.0.2.15.48090      2748    
19:36:44.367541 s13.224.212.45.443    d10.0.2.15.48090      2748    
19:36:44.367915 s10.0.2.15.48090      d13.224.212.45.443    0       
19:36:44.367945 s13.224.212.45.443    d10.0.2.15.48090      4122    
19:36:44.367946 s13.224.212.45.443    d10.0.2.15.48090      1374    
19:36:44.368109 s10.0.2.15.48090      d13.224.212.45.443    0       
19:36:44.368792 s13.224.212.45.443    d10.0.2.15.48090      5496    
19:36:44.368794 s13.224.212.45.443    d10.0.2.15.48090      2748    
19:36:44.368954 s10.0.2.15.48090      d13.224.212.45.443    0       
19:36:44.369328 s13.224.212.45.443    d10.0.2.15.48090      6870    
