22:29:49.788649 s10.0.2.15.60838      d23.36.36.84.443      0       
22:29:49.804418 s23.36.36.84.443      d10.0.2.15.60838      0       
22:29:49.804462 s10.0.2.15.60838      d23.36.36.84.443      0       
22:29:49.812335 s10.0.2.15.60838      d23.36.36.84.443      517     
22:29:49.812786 s23.36.36.84.443      d10.0.2.15.60838      0       
22:29:49.828937 s23.36.36.84.443      d10.0.2.15.60838      2920    
22:29:49.828961 s10.0.2.15.60838      d23.36.36.84.443      0       
22:29:49.829170 s23.36.36.84.443      d10.0.2.15.60838      1176    
22:29:49.829185 s10.0.2.15.60838      d23.36.36.84.443      0       
22:29:49.831451 s23.36.36.84.443      d10.0.2.15.60838      410     
22:29:49.831474 s10.0.2.15.60838      d23.36.36.84.443      0       
22:29:49.832859 s10.0.2.15.60838      d23.36.36.84.443      80      
22:29:49.833151 s10.0.2.15.60838      d23.36.36.84.443      46      
22:29:49.833335 s23.36.36.84.443      d10.0.2.15.60838      0       
22:29:49.833446 s23.36.36.84.443      d10.0.2.15.60838      0       
22:29:49.833497 s10.0.2.15.60838      d23.36.36.84.443      49      
22:29:49.833704 s23.36.36.84.443      d10.0.2.15.60838      0       
22:29:49.833722 s10.0.2.15.60838      d23.36.36.84.443      35      
22:29:49.833980 s23.36.36.84.443      d10.0.2.15.60838      0       
22:29:49.834044 s10.0.2.15.60838      d23.36.36.84.443      65      
22:29:49.834347 s23.36.36.84.443      d10.0.2.15.60838      0       
22:29:49.848405 s23.36.36.84.443      d10.0.2.15.60838      666     
22:29:49.848430 s10.0.2.15.60838      d23.36.36.84.443      0       
22:29:49.849119 s10.0.2.15.60838      d23.36.36.84.443      31      
22:29:49.849530 s23.36.36.84.443      d10.0.2.15.60838      0       
22:29:49.854717 s23.36.36.84.443      d10.0.2.15.60838      500     
22:29:49.854740 s10.0.2.15.60838      d23.36.36.84.443      0       
22:29:49.855281 s10.0.2.15.60838      d23.36.36.84.443      24      
