22:32:46.790650 s10.0.2.15.60908      d23.36.36.84.443      0       
22:32:46.807734 s23.36.36.84.443      d10.0.2.15.60908      0       
22:32:46.807781 s10.0.2.15.60908      d23.36.36.84.443      0       
22:32:46.816418 s10.0.2.15.60908      d23.36.36.84.443      517     
22:32:46.816923 s23.36.36.84.443      d10.0.2.15.60908      0       
22:32:46.833153 s23.36.36.84.443      d10.0.2.15.60908      2920    
22:32:46.833175 s10.0.2.15.60908      d23.36.36.84.443      0       
22:32:46.833447 s23.36.36.84.443      d10.0.2.15.60908      1176    
22:32:46.833473 s10.0.2.15.60908      d23.36.36.84.443      0       
22:32:46.834227 s23.36.36.84.443      d10.0.2.15.60908      410     
22:32:46.834240 s10.0.2.15.60908      d23.36.36.84.443      0       
22:32:46.835230 s10.0.2.15.60908      d23.36.36.84.443      80      
22:32:46.835674 s23.36.36.84.443      d10.0.2.15.60908      0       
22:32:46.835957 s10.0.2.15.60908      d23.36.36.84.443      46      
22:32:46.836007 s10.0.2.15.60908      d23.36.36.84.443      49      
22:32:46.836151 s10.0.2.15.60908      d23.36.36.84.443      100     
22:32:46.836380 s23.36.36.84.443      d10.0.2.15.60908      0       
22:32:46.836381 s23.36.36.84.443      d10.0.2.15.60908      0       
22:32:46.836382 s23.36.36.84.443      d10.0.2.15.60908      0       
