22:30:48.395193 s10.0.2.15.60862      d23.36.36.84.443      0       
22:30:48.411298 s23.36.36.84.443      d10.0.2.15.60862      0       
22:30:48.411344 s10.0.2.15.60862      d23.36.36.84.443      0       
22:30:48.419928 s10.0.2.15.60862      d23.36.36.84.443      517     
22:30:48.420179 s23.36.36.84.443      d10.0.2.15.60862      0       
22:30:48.436849 s23.36.36.84.443      d10.0.2.15.60862      2748    
22:30:48.436876 s10.0.2.15.60862      d23.36.36.84.443      0       
22:30:48.437657 s23.36.36.84.443      d10.0.2.15.60862      1758    
22:30:48.437676 s10.0.2.15.60862      d23.36.36.84.443      0       
22:30:48.438883 s10.0.2.15.60862      d23.36.36.84.443      80      
22:30:48.439255 s23.36.36.84.443      d10.0.2.15.60862      0       
22:30:48.439339 s10.0.2.15.60862      d23.36.36.84.443      46      
22:30:48.439370 s10.0.2.15.60862      d23.36.36.84.443      49      
22:30:48.439627 s23.36.36.84.443      d10.0.2.15.60862      0       
22:30:48.439628 s23.36.36.84.443      d10.0.2.15.60862      0       
22:30:48.439647 s10.0.2.15.60862      d23.36.36.84.443      100     
22:30:48.440054 s23.36.36.84.443      d10.0.2.15.60862      0       
22:30:48.452883 s23.36.36.84.443      d10.0.2.15.60862      574     
22:30:48.452905 s10.0.2.15.60862      d23.36.36.84.443      0       
22:30:48.461818 s23.36.36.84.443      d10.0.2.15.60862      548     
22:30:48.461840 s10.0.2.15.60862      d23.36.36.84.443      0       
22:30:48.462114 s10.0.2.15.60862      d23.36.36.84.443      31      
22:30:48.462521 s23.36.36.84.443      d10.0.2.15.60862      0       
22:30:48.462672 s10.0.2.15.60862      d23.36.36.84.443      24      
22:30:48.463022 s23.36.36.84.443      d10.0.2.15.60862      0       
22:30:48.463907 s10.0.2.15.60862      d23.36.36.84.443      0       
22:30:48.464174 s23.36.36.84.443      d10.0.2.15.60862      0       
22:30:48.477023 s23.36.36.84.443      d10.0.2.15.60862      24      
22:30:48.477025 s23.36.36.84.443      d10.0.2.15.60862      0       
22:30:48.477043 s10.0.2.15.60862      d23.36.36.84.443      0       
22:30:48.477087 s10.0.2.15.60862      d23.36.36.84.443      0       
22:30:48.477443 s23.36.36.84.443      d10.0.2.15.60862      0       
