20:21:58.107330 s10.0.2.15.34502      d23.33.241.97.443     0       
20:21:58.122024 s23.33.241.97.443     d10.0.2.15.34502      0       
20:21:58.122060 s10.0.2.15.34502      d23.33.241.97.443     0       
20:21:58.131179 s10.0.2.15.34502      d23.33.241.97.443     517     
20:21:58.131672 s23.33.241.97.443     d10.0.2.15.34502      0       
20:21:58.147516 s23.33.241.97.443     d10.0.2.15.34502      2920    
20:21:58.147632 s10.0.2.15.34502      d23.33.241.97.443     0       
20:21:58.147903 s23.33.241.97.443     d10.0.2.15.34502      1176    
20:21:58.147925 s10.0.2.15.34502      d23.33.241.97.443     0       
20:21:58.151476 s23.33.241.97.443     d10.0.2.15.34502      598     
20:21:58.151551 s10.0.2.15.34502      d23.33.241.97.443     0       
20:21:58.155451 s10.0.2.15.34502      d23.33.241.97.443     80      
20:21:58.155818 s23.33.241.97.443     d10.0.2.15.34502      0       
20:21:58.155937 s10.0.2.15.34502      d23.33.241.97.443     46      
20:21:58.155958 s10.0.2.15.34502      d23.33.241.97.443     49      
20:21:58.156290 s23.33.241.97.443     d10.0.2.15.34502      0       
20:21:58.156305 s10.0.2.15.34502      d23.33.241.97.443     35      
20:21:58.156846 s23.33.241.97.443     d10.0.2.15.34502      0       
20:21:58.156847 s23.33.241.97.443     d10.0.2.15.34502      0       
20:21:58.157049 s10.0.2.15.34502      d23.33.241.97.443     60      
20:21:58.157458 s23.33.241.97.443     d10.0.2.15.34502      0       
20:21:58.171895 s23.33.241.97.443     d10.0.2.15.34502      612     
20:21:58.171933 s10.0.2.15.34502      d23.33.241.97.443     0       
20:21:58.172687 s10.0.2.15.34502      d23.33.241.97.443     31      
20:21:58.173071 s23.33.241.97.443     d10.0.2.15.34502      0       
20:21:58.349849 s23.33.241.97.443     d10.0.2.15.34502      6840    
20:21:58.349852 s23.33.241.97.443     d10.0.2.15.34502      1460    
20:21:58.349885 s10.0.2.15.34502      d23.33.241.97.443     0       
20:21:58.349909 s10.0.2.15.34502      d23.33.241.97.443     0       
20:21:58.350358 s23.33.241.97.443     d10.0.2.15.34502      6739    
20:21:58.350377 s10.0.2.15.34502      d23.33.241.97.443     0       
20:21:58.353317 s23.33.241.97.443     d10.0.2.15.34502      1273    
20:21:58.353374 s10.0.2.15.34502      d23.33.241.97.443     0       
20:21:58.363543 s23.33.241.97.443     d10.0.2.15.34502      1418    
20:21:58.363567 s10.0.2.15.34502      d23.33.241.97.443     0       
20:21:58.364760 s23.33.241.97.443     d10.0.2.15.34502      4107    
20:21:58.364787 s10.0.2.15.34502      d23.33.241.97.443     0       
20:21:58.365765 s23.33.241.97.443     d10.0.2.15.34502      2748    
20:21:58.365781 s10.0.2.15.34502      d23.33.241.97.443     0       
20:21:58.366697 s23.33.241.97.443     d10.0.2.15.34502      2748    
20:21:58.366787 s10.0.2.15.34502      d23.33.241.97.443     0       
20:21:58.367803 s23.33.241.97.443     d10.0.2.15.34502      4122    
20:21:58.368132 s10.0.2.15.34502      d23.33.241.97.443     0       
20:21:58.371362 s23.33.241.97.443     d10.0.2.15.34502      1329    
20:21:58.371467 s10.0.2.15.34502      d23.33.241.97.443     0       
20:21:58.372077 s23.33.241.97.443     d10.0.2.15.34502      111     
20:21:58.372124 s10.0.2.15.34502      d23.33.241.97.443     0       
20:21:58.386257 s23.33.241.97.443     d10.0.2.15.34502      4122    
20:21:58.386339 s10.0.2.15.34502      d23.33.241.97.443     0       
20:21:58.387243 s23.33.241.97.443     d10.0.2.15.34502      2733    
20:21:58.387259 s10.0.2.15.34502      d23.33.241.97.443     0       
20:21:58.388437 s23.33.241.97.443     d10.0.2.15.34502      2748    
20:21:58.388461 s10.0.2.15.34502      d23.33.241.97.443     0       
20:21:58.389424 s23.33.241.97.443     d10.0.2.15.34502      4122    
20:21:58.389492 s10.0.2.15.34502      d23.33.241.97.443     0       
20:21:58.390499 s23.33.241.97.443     d10.0.2.15.34502      1374    
20:21:58.390570 s10.0.2.15.34502      d23.33.241.97.443     0       
20:21:58.391544 s23.33.241.97.443     d10.0.2.15.34502      1344    
20:21:58.391603 s10.0.2.15.34502      d23.33.241.97.443     0       
20:21:58.396928 s23.33.241.97.443     d10.0.2.15.34502      1448    
20:21:58.397079 s10.0.2.15.34502      d23.33.241.97.443     0       
20:21:58.397867 s23.33.241.97.443     d10.0.2.15.34502      2748    
20:21:58.397884 s10.0.2.15.34502      d23.33.241.97.443     0       
20:21:58.399298 s23.33.241.97.443     d10.0.2.15.34502      5481    
20:21:58.399386 s10.0.2.15.34502      d23.33.241.97.443     0       
20:21:58.400194 s23.33.241.97.443     d10.0.2.15.34502      2748    
20:21:58.400209 s10.0.2.15.34502      d23.33.241.97.443     0       
20:21:58.401359 s23.33.241.97.443     d10.0.2.15.34502      4092    
20:21:58.401450 s10.0.2.15.34502      d23.33.241.97.443     0       
20:21:58.405498 s23.33.241.97.443     d10.0.2.15.34502      74      
20:21:58.405662 s10.0.2.15.34502      d23.33.241.97.443     0       
20:21:58.412199 s23.33.241.97.443     d10.0.2.15.34502      2748    
20:21:58.412224 s10.0.2.15.34502      d23.33.241.97.443     0       
20:21:58.415146 s23.33.241.97.443     d10.0.2.15.34502      271     
20:21:58.415169 s10.0.2.15.34502      d23.33.241.97.443     0       
20:21:58.587861 s23.33.241.97.443     d10.0.2.15.34502      4172    
20:21:58.587885 s10.0.2.15.34502      d23.33.241.97.443     0       
20:21:58.588691 s23.33.241.97.443     d10.0.2.15.34502      4122    
20:21:58.588694 s23.33.241.97.443     d10.0.2.15.34502      1374    
20:21:58.588712 s10.0.2.15.34502      d23.33.241.97.443     0       
20:21:58.588781 s10.0.2.15.34502      d23.33.241.97.443     0       
20:21:58.589786 s23.33.241.97.443     d10.0.2.15.34502      4092    
20:21:58.589787 s23.33.241.97.443     d10.0.2.15.34502      2748    
20:21:58.589803 s10.0.2.15.34502      d23.33.241.97.443     0       
20:21:58.589826 s10.0.2.15.34502      d23.33.241.97.443     0       
20:21:58.591328 s23.33.241.97.443     d10.0.2.15.34502      4122    
20:21:58.591331 s23.33.241.97.443     d10.0.2.15.34502      2748    
20:21:58.591383 s10.0.2.15.34502      d23.33.241.97.443     0       
20:21:58.591459 s10.0.2.15.34502      d23.33.241.97.443     0       
20:21:58.591563 s23.33.241.97.443     d10.0.2.15.34502      1374    
20:21:58.591570 s10.0.2.15.34502      d23.33.241.97.443     0       
20:21:58.593236 s23.33.241.97.443     d10.0.2.15.34502      6870    
20:21:58.593239 s23.33.241.97.443     d10.0.2.15.34502      4122    
20:21:58.593266 s10.0.2.15.34502      d23.33.241.97.443     0       
20:21:58.593441 s10.0.2.15.34502      d23.33.241.97.443     0       
20:21:58.594613 s23.33.241.97.443     d10.0.2.15.34502      4122    
20:21:58.594644 s10.0.2.15.34502      d23.33.241.97.443     0       
20:21:58.595262 s23.33.241.97.443     d10.0.2.15.34502      4122    
20:21:58.595281 s10.0.2.15.34502      d23.33.241.97.443     0       
20:21:58.595912 s23.33.241.97.443     d10.0.2.15.34502      1374    
20:21:58.595913 s23.33.241.97.443     d10.0.2.15.34502      2748    
20:21:58.595930 s10.0.2.15.34502      d23.33.241.97.443     0       
20:21:58.595950 s10.0.2.15.34502      d23.33.241.97.443     0       
20:21:58.596460 s23.33.241.97.443     d10.0.2.15.34502      5496    
20:21:58.596479 s10.0.2.15.34502      d23.33.241.97.443     0       
20:21:58.597665 s23.33.241.97.443     d10.0.2.15.34502      4122    
20:21:58.597691 s10.0.2.15.34502      d23.33.241.97.443     0       
20:21:58.600778 s23.33.241.97.443     d10.0.2.15.34502      5496    
20:21:58.600797 s10.0.2.15.34502      d23.33.241.97.443     0       
20:21:58.601789 s23.33.241.97.443     d10.0.2.15.34502      2748    
20:21:58.601809 s10.0.2.15.34502      d23.33.241.97.443     0       
20:21:58.602827 s23.33.241.97.443     d10.0.2.15.34502      1693    
20:21:58.602829 s23.33.241.97.443     d10.0.2.15.34502      2748    
20:21:58.602848 s10.0.2.15.34502      d23.33.241.97.443     0       
20:21:58.602878 s10.0.2.15.34502      d23.33.241.97.443     0       
20:21:58.603819 s23.33.241.97.443     d10.0.2.15.34502      4107    
20:21:58.603821 s23.33.241.97.443     d10.0.2.15.34502      1374    
20:21:58.603836 s10.0.2.15.34502      d23.33.241.97.443     0       
20:21:58.603857 s10.0.2.15.34502      d23.33.241.97.443     0       
20:21:58.605136 s23.33.241.97.443     d10.0.2.15.34502      5449    
20:21:58.605139 s23.33.241.97.443     d10.0.2.15.34502      1374    
20:21:58.605209 s10.0.2.15.34502      d23.33.241.97.443     0       
20:21:58.605249 s10.0.2.15.34502      d23.33.241.97.443     0       
20:21:58.606092 s23.33.241.97.443     d10.0.2.15.34502      4107    
20:21:58.606093 s23.33.241.97.443     d10.0.2.15.34502      1374    
20:21:58.606094 s23.33.241.97.443     d10.0.2.15.34502      2748    
20:21:58.606106 s10.0.2.15.34502      d23.33.241.97.443     0       
20:21:58.606132 s10.0.2.15.34502      d23.33.241.97.443     0       
20:21:58.606137 s10.0.2.15.34502      d23.33.241.97.443     0       
20:21:58.607288 s23.33.241.97.443     d10.0.2.15.34502      4122    
20:21:58.607290 s23.33.241.97.443     d10.0.2.15.34502      1374    
20:21:58.607305 s10.0.2.15.34502      d23.33.241.97.443     0       
20:21:58.607330 s10.0.2.15.34502      d23.33.241.97.443     0       
20:21:58.608465 s23.33.241.97.443     d10.0.2.15.34502      2748    
20:21:58.608490 s10.0.2.15.34502      d23.33.241.97.443     0       
20:21:58.610298 s23.33.241.97.443     d10.0.2.15.34502      8244    
20:21:58.610301 s23.33.241.97.443     d10.0.2.15.34502      2748    
20:21:58.610390 s10.0.2.15.34502      d23.33.241.97.443     0       
20:21:58.610709 s10.0.2.15.34502      d23.33.241.97.443     0       
20:21:58.611251 s23.33.241.97.443     d10.0.2.15.34502      4122    
20:21:58.611269 s10.0.2.15.34502      d23.33.241.97.443     0       
20:21:58.611469 s23.33.241.97.443     d10.0.2.15.34502      1374    
20:21:58.611470 s23.33.241.97.443     d10.0.2.15.34502      1374    
20:21:58.611482 s10.0.2.15.34502      d23.33.241.97.443     0       
20:21:58.611494 s10.0.2.15.34502      d23.33.241.97.443     0       
20:21:58.613526 s23.33.241.97.443     d10.0.2.15.34502      6870    
20:21:58.613530 s23.33.241.97.443     d10.0.2.15.34502      2748    
20:21:58.613554 s10.0.2.15.34502      d23.33.241.97.443     0       
20:21:58.613585 s10.0.2.15.34502      d23.33.241.97.443     0       
20:21:58.613742 s23.33.241.97.443     d10.0.2.15.34502      1374    
20:21:58.613749 s10.0.2.15.34502      d23.33.241.97.443     0       
20:21:58.614519 s23.33.241.97.443     d10.0.2.15.34502      4122    
20:21:58.614520 s23.33.241.97.443     d10.0.2.15.34502      1374    
20:21:58.614521 s23.33.241.97.443     d10.0.2.15.34502      1374    
20:21:58.614536 s10.0.2.15.34502      d23.33.241.97.443     0       
20:21:58.614558 s10.0.2.15.34502      d23.33.241.97.443     0       
20:21:58.614565 s10.0.2.15.34502      d23.33.241.97.443     0       
20:21:58.615286 s23.33.241.97.443     d10.0.2.15.34502      5496    
20:21:58.615288 s23.33.241.97.443     d10.0.2.15.34502      1374    
20:21:58.615288 s23.33.241.97.443     d10.0.2.15.34502      2748    
20:21:58.615392 s10.0.2.15.34502      d23.33.241.97.443     0       
20:21:58.615443 s10.0.2.15.34502      d23.33.241.97.443     0       
20:21:58.615457 s10.0.2.15.34502      d23.33.241.97.443     0       
20:21:58.615589 s23.33.241.97.443     d10.0.2.15.34502      1374    
20:21:58.615650 s10.0.2.15.34502      d23.33.241.97.443     0       
20:21:58.617248 s23.33.241.97.443     d10.0.2.15.34502      4122    
20:21:58.617251 s23.33.241.97.443     d10.0.2.15.34502      4122    
20:21:58.617252 s23.33.241.97.443     d10.0.2.15.34502      1374    
20:21:58.617252 s23.33.241.97.443     d10.0.2.15.34502      2748    
20:21:58.617275 s10.0.2.15.34502      d23.33.241.97.443     0       
20:21:58.617317 s10.0.2.15.34502      d23.33.241.97.443     0       
20:21:58.617330 s10.0.2.15.34502      d23.33.241.97.443     0       
20:21:58.617340 s10.0.2.15.34502      d23.33.241.97.443     0       
20:21:58.617424 s23.33.241.97.443     d10.0.2.15.34502      1374    
20:21:58.617426 s23.33.241.97.443     d10.0.2.15.34502      1374    
20:21:58.617440 s10.0.2.15.34502      d23.33.241.97.443     0       
20:21:58.617644 s10.0.2.15.34502      d23.33.241.97.443     0       
20:21:58.618159 s23.33.241.97.443     d10.0.2.15.34502      2748    
20:21:58.618161 s23.33.241.97.443     d10.0.2.15.34502      1374    
20:21:58.618240 s10.0.2.15.34502      d23.33.241.97.443     0       
20:21:58.618277 s10.0.2.15.34502      d23.33.241.97.443     0       
