19:54:26.866229 smiddlinux.53512      d159.53.42.11.https   0       
19:54:26.886553 s159.53.42.11.https   dmiddlinux.53512      0       
19:54:26.886663 smiddlinux.53512      d159.53.42.11.https   0       
19:54:26.895564 smiddlinux.53512      d159.53.42.11.https   517     
19:54:26.896053 s159.53.42.11.https   dmiddlinux.53512      0       
19:54:26.918906 s159.53.42.11.https   dmiddlinux.53512      2748    
19:54:26.918923 smiddlinux.53512      d159.53.42.11.https   0       
19:54:26.937451 s159.53.42.11.https   dmiddlinux.53512      1968    
19:54:26.937471 smiddlinux.53512      d159.53.42.11.https   0       
19:54:26.940115 smiddlinux.53512      d159.53.42.11.https   126     
19:54:26.940535 s159.53.42.11.https   dmiddlinux.53512      0       
19:54:26.960695 s159.53.42.11.https   dmiddlinux.53512      51      
19:54:26.960713 smiddlinux.53512      d159.53.42.11.https   0       
19:54:26.961042 smiddlinux.53512      d159.53.42.11.https   106     
19:54:26.961256 s159.53.42.11.https   dmiddlinux.53512      0       
19:54:26.981270 s159.53.42.11.https   dmiddlinux.53512      3729    
19:54:26.981307 smiddlinux.53512      d159.53.42.11.https   0       
19:54:26.988625 s159.53.42.11.https   dmiddlinux.53512      3786    
19:54:26.988974 smiddlinux.53512      d159.53.42.11.https   0       
19:54:26.999327 s159.53.42.11.https   dmiddlinux.53512      6392    
19:54:26.999355 smiddlinux.53512      d159.53.42.11.https   0       
19:54:27.006573 s159.53.42.11.https   dmiddlinux.53512      5496    
19:54:27.006595 smiddlinux.53512      d159.53.42.11.https   0       
19:54:27.007407 s159.53.42.11.https   dmiddlinux.53512      296     
19:54:27.007425 smiddlinux.53512      d159.53.42.11.https   0       
19:54:27.017415 s159.53.42.11.https   dmiddlinux.53512      4122    
19:54:27.017454 smiddlinux.53512      d159.53.42.11.https   0       
19:54:27.018493 s159.53.42.11.https   dmiddlinux.53512      4122    
19:54:27.018597 smiddlinux.53512      d159.53.42.11.https   0       
19:54:27.020313 s159.53.42.11.https   dmiddlinux.53512      473     
19:54:27.021276 smiddlinux.53512      d159.53.42.11.https   0       
19:54:27.023459 s159.53.42.11.https   dmiddlinux.53512      6704    
19:54:27.023461 s159.53.42.11.https   dmiddlinux.53512      2896    
19:54:27.023482 smiddlinux.53512      d159.53.42.11.https   0       
19:54:27.023513 smiddlinux.53512      d159.53.42.11.https   0       
19:54:27.024643 s159.53.42.11.https   dmiddlinux.53512      1448    
19:54:27.024662 smiddlinux.53512      d159.53.42.11.https   0       
19:54:27.034987 s159.53.42.11.https   dmiddlinux.53512      5496    
19:54:27.035146 s159.53.42.11.https   dmiddlinux.53512      4521    
19:54:27.035210 smiddlinux.53512      d159.53.42.11.https   0       
19:54:27.036476 s159.53.42.11.https   dmiddlinux.53512      3044    
19:54:27.036493 smiddlinux.53512      d159.53.42.11.https   0       
19:54:27.037384 s159.53.42.11.https   dmiddlinux.53512      1374    
19:54:27.037457 smiddlinux.53512      d159.53.42.11.https   0       
19:54:27.038397 s159.53.42.11.https   dmiddlinux.53512      103     
19:54:27.038501 smiddlinux.53512      d159.53.42.11.https   0       
19:54:27.041355 s159.53.42.11.https   dmiddlinux.53512      6870    
19:54:27.041358 s159.53.42.11.https   dmiddlinux.53512      4465    
19:54:27.041497 s159.53.42.11.https   dmiddlinux.53512      1374    
19:54:27.041715 s159.53.42.11.https   dmiddlinux.53512      4344    
19:54:27.041823 smiddlinux.53512      d159.53.42.11.https   0       
19:54:27.043285 s159.53.42.11.https   dmiddlinux.53512      633     
19:54:27.043306 smiddlinux.53512      d159.53.42.11.https   0       
19:54:27.051303 s159.53.42.11.https   dmiddlinux.53512      6870    
19:54:27.051329 smiddlinux.53512      d159.53.42.11.https   0       
19:54:27.051959 s159.53.42.11.https   dmiddlinux.53512      1460    
19:54:27.051968 smiddlinux.53512      d159.53.42.11.https   0       
19:54:27.052096 s159.53.42.11.https   dmiddlinux.53512      1276    
19:54:27.052101 smiddlinux.53512      d159.53.42.11.https   0       
19:54:27.053491 s159.53.42.11.https   dmiddlinux.53512      1147    
19:54:27.053512 smiddlinux.53512      d159.53.42.11.https   0       
19:54:27.055795 smiddlinux.53512      d159.53.42.11.https   31      
19:54:27.056113 s159.53.42.11.https   dmiddlinux.53512      0       
19:54:27.056668 smiddlinux.53512      d159.53.42.11.https   0       
19:54:27.056924 s159.53.42.11.https   dmiddlinux.53512      0       
19:54:27.073161 s159.53.42.11.https   dmiddlinux.53512      0       
19:54:27.073191 smiddlinux.53512      d159.53.42.11.https   0       
