22:56:22.927988 s10.0.2.15.33512      d162.159.128.233.443  0       
22:56:22.939739 s162.159.128.233.443  d10.0.2.15.33512      0       
22:56:22.939785 s10.0.2.15.33512      d162.159.128.233.443  0       
22:56:22.948728 s10.0.2.15.33512      d162.159.128.233.443  517     
22:56:22.949009 s162.159.128.233.443  d10.0.2.15.33512      0       
22:56:22.964789 s162.159.128.233.443  d10.0.2.15.33512      1386    
22:56:22.964808 s10.0.2.15.33512      d162.159.128.233.443  0       
22:56:22.965690 s162.159.128.233.443  d10.0.2.15.33512      1124    
22:56:22.965703 s10.0.2.15.33512      d162.159.128.233.443  0       
22:56:22.966885 s10.0.2.15.33512      d162.159.128.233.443  80      
22:56:22.967087 s10.0.2.15.33512      d162.159.128.233.443  46      
22:56:22.967136 s162.159.128.233.443  d10.0.2.15.33512      0       
22:56:22.967176 s10.0.2.15.33512      d162.159.128.233.443  49      
22:56:22.967469 s162.159.128.233.443  d10.0.2.15.33512      0       
22:56:22.967471 s162.159.128.233.443  d10.0.2.15.33512      0       
22:56:22.967517 s10.0.2.15.33512      d162.159.128.233.443  35      
22:56:22.967842 s162.159.128.233.443  d10.0.2.15.33512      0       
22:56:22.967875 s10.0.2.15.33512      d162.159.128.233.443  62      
22:56:22.968149 s162.159.128.233.443  d10.0.2.15.33512      0       
22:56:22.980178 s162.159.128.233.443  d10.0.2.15.33512      591     
22:56:22.980270 s10.0.2.15.33512      d162.159.128.233.443  0       
22:56:22.981004 s10.0.2.15.33512      d162.159.128.233.443  31      
22:56:22.981453 s162.159.128.233.443  d10.0.2.15.33512      0       
22:56:22.992002 s162.159.128.233.443  d10.0.2.15.33512      642     
22:56:22.992021 s10.0.2.15.33512      d162.159.128.233.443  0       
22:56:22.992478 s10.0.2.15.33512      d162.159.128.233.443  24      
22:56:22.992715 s162.159.128.233.443  d10.0.2.15.33512      0       
22:56:22.993761 s10.0.2.15.33512      d162.159.128.233.443  0       
22:56:22.994173 s162.159.128.233.443  d10.0.2.15.33512      0       
