19:51:30.189712 s10.0.2.15.57324      d142.250.80.36.443    0       
19:51:30.205348 s142.250.80.36.443    d10.0.2.15.57324      0       
19:51:30.205394 s10.0.2.15.57324      d142.250.80.36.443    0       
19:51:30.213756 s10.0.2.15.57324      d142.250.80.36.443    517     
19:51:30.214033 s142.250.80.36.443    d10.0.2.15.57324      0       
19:51:30.235413 s142.250.80.36.443    d10.0.2.15.57324      2920    
19:51:30.235436 s10.0.2.15.57324      d142.250.80.36.443    0       
19:51:30.235674 s142.250.80.36.443    d10.0.2.15.57324      1202    
19:51:30.235688 s10.0.2.15.57324      d142.250.80.36.443    0       
19:51:30.237330 s142.250.80.36.443    d10.0.2.15.57324      181     
19:51:30.237351 s10.0.2.15.57324      d142.250.80.36.443    0       
19:51:30.238776 s10.0.2.15.57324      d142.250.80.36.443    80      
19:51:30.239028 s10.0.2.15.57324      d142.250.80.36.443    46      
19:51:30.239156 s142.250.80.36.443    d10.0.2.15.57324      0       
19:51:30.239218 s10.0.2.15.57324      d142.250.80.36.443    49      
19:51:30.239368 s142.250.80.36.443    d10.0.2.15.57324      0       
19:51:30.239380 s10.0.2.15.57324      d142.250.80.36.443    35      
19:51:30.239514 s10.0.2.15.57324      d142.250.80.36.443    62      
19:51:30.239699 s142.250.80.36.443    d10.0.2.15.57324      0       
19:51:30.239700 s142.250.80.36.443    d10.0.2.15.57324      0       
19:51:30.239700 s142.250.80.36.443    d10.0.2.15.57324      0       
19:51:30.251082 s142.250.80.36.443    d10.0.2.15.57324      642     
19:51:30.251168 s10.0.2.15.57324      d142.250.80.36.443    0       
19:51:30.251600 s10.0.2.15.57324      d142.250.80.36.443    31      
19:51:30.252022 s142.250.80.36.443    d10.0.2.15.57324      0       
19:51:30.252175 s142.250.80.36.443    d10.0.2.15.57324      31      
19:51:30.252186 s10.0.2.15.57324      d142.250.80.36.443    0       
