21:45:33.946904 s10.0.2.15.36534      d169.45.207.200.443   0       
21:45:33.963736 s169.45.207.200.443   d10.0.2.15.36534      0       
21:45:33.963780 s10.0.2.15.36534      d169.45.207.200.443   0       
21:45:33.971837 s10.0.2.15.36534      d169.45.207.200.443   517     
21:45:33.972326 s169.45.207.200.443   d10.0.2.15.36534      0       
21:45:33.992429 s169.45.207.200.443   d10.0.2.15.36534      2920    
21:45:33.992556 s10.0.2.15.36534      d169.45.207.200.443   0       
21:45:33.992765 s169.45.207.200.443   d10.0.2.15.36534      1202    
21:45:33.992782 s10.0.2.15.36534      d169.45.207.200.443   0       
21:45:33.993411 s169.45.207.200.443   d10.0.2.15.36534      252     
21:45:33.993431 s10.0.2.15.36534      d169.45.207.200.443   0       
21:45:33.994340 s10.0.2.15.36534      d169.45.207.200.443   126     
21:45:33.994716 s169.45.207.200.443   d10.0.2.15.36534      0       
21:45:34.010545 s169.45.207.200.443   d10.0.2.15.36534      51      
21:45:34.010567 s10.0.2.15.36534      d169.45.207.200.443   0       
21:45:34.011011 s10.0.2.15.36534      d169.45.207.200.443   53      
21:45:34.011053 s10.0.2.15.36534      d169.45.207.200.443   56      
21:45:34.011259 s169.45.207.200.443   d10.0.2.15.36534      0       
21:45:34.011260 s169.45.207.200.443   d10.0.2.15.36534      0       
21:45:34.011337 s10.0.2.15.36534      d169.45.207.200.443   42      
21:45:34.011594 s10.0.2.15.36534      d169.45.207.200.443   69      
21:45:34.011622 s169.45.207.200.443   d10.0.2.15.36534      0       
21:45:34.011755 s169.45.207.200.443   d10.0.2.15.36534      0       
21:45:34.015033 s169.45.207.200.443   d10.0.2.15.36534      69      
21:45:34.015053 s10.0.2.15.36534      d169.45.207.200.443   0       
21:45:34.015303 s10.0.2.15.36534      d169.45.207.200.443   38      
21:45:34.015849 s169.45.207.200.443   d10.0.2.15.36534      0       
21:45:34.027060 s169.45.207.200.443   d10.0.2.15.36534      38      
21:45:34.042388 s169.45.207.200.443   d10.0.2.15.36534      8760    
21:45:34.043280 s10.0.2.15.36534      d169.45.207.200.443   0       
21:45:34.043773 s169.45.207.200.443   d10.0.2.15.36534      2994    
21:45:34.043928 s10.0.2.15.36534      d169.45.207.200.443   0       
21:45:34.044232 s169.45.207.200.443   d10.0.2.15.36534      1374    
21:45:34.056897 s169.45.207.200.443   d10.0.2.15.36534      1374    
21:45:34.056925 s10.0.2.15.36534      d169.45.207.200.443   0       
21:45:34.059500 s169.45.207.200.443   d10.0.2.15.36534      14600   
21:45:34.059617 s10.0.2.15.36534      d169.45.207.200.443   0       
21:45:34.059896 s169.45.207.200.443   d10.0.2.15.36534      11506   
21:45:34.059907 s10.0.2.15.36534      d169.45.207.200.443   0       
21:45:34.072419 s169.45.207.200.443   d10.0.2.15.36534      1374    
21:45:34.073224 s169.45.207.200.443   d10.0.2.15.36534      1374    
21:45:34.073245 s10.0.2.15.36534      d169.45.207.200.443   0       
21:45:34.074202 s169.45.207.200.443   d10.0.2.15.36534      8244    
21:45:34.074205 s169.45.207.200.443   d10.0.2.15.36534      2748    
21:45:34.074250 s169.45.207.200.443   d10.0.2.15.36534      2748    
21:45:34.074729 s169.45.207.200.443   d10.0.2.15.36534      2748    
21:45:34.074731 s169.45.207.200.443   d10.0.2.15.36534      1374    
21:45:34.074797 s10.0.2.15.36534      d169.45.207.200.443   0       
21:45:34.075081 s169.45.207.200.443   d10.0.2.15.36534      12366   
21:45:34.075303 s169.45.207.200.443   d10.0.2.15.36534      1374    
21:45:34.075458 s169.45.207.200.443   d10.0.2.15.36534      4122    
21:45:34.075512 s10.0.2.15.36534      d169.45.207.200.443   0       
21:45:34.076528 s169.45.207.200.443   d10.0.2.15.36534      5496    
21:45:34.076543 s10.0.2.15.36534      d169.45.207.200.443   0       
21:45:34.076746 s169.45.207.200.443   d10.0.2.15.36534      6870    
21:45:34.076758 s10.0.2.15.36534      d169.45.207.200.443   0       
21:45:34.076911 s169.45.207.200.443   d10.0.2.15.36534      2748    
21:45:34.076920 s10.0.2.15.36534      d169.45.207.200.443   0       
21:45:34.087525 s169.45.207.200.443   d10.0.2.15.36534      2748    
21:45:34.087607 s10.0.2.15.36534      d169.45.207.200.443   0       
21:45:34.089012 s169.45.207.200.443   d10.0.2.15.36534      1374    
21:45:34.090509 s169.45.207.200.443   d10.0.2.15.36534      6870    
21:45:34.090538 s10.0.2.15.36534      d169.45.207.200.443   0       
21:45:34.091186 s169.45.207.200.443   d10.0.2.15.36534      6870    
21:45:34.091201 s10.0.2.15.36534      d169.45.207.200.443   0       
21:45:34.092440 s169.45.207.200.443   d10.0.2.15.36534      8244    
21:45:34.092443 s169.45.207.200.443   d10.0.2.15.36534      4122    
21:45:34.092505 s10.0.2.15.36534      d169.45.207.200.443   0       
21:45:34.092658 s10.0.2.15.36534      d169.45.207.200.443   0       
21:45:34.092701 s169.45.207.200.443   d10.0.2.15.36534      5496    
21:45:34.092711 s10.0.2.15.36534      d169.45.207.200.443   0       
21:45:34.094175 s169.45.207.200.443   d10.0.2.15.36534      1374    
21:45:34.094178 s169.45.207.200.443   d10.0.2.15.36534      5496    
21:45:34.094179 s169.45.207.200.443   d10.0.2.15.36534      5496    
21:45:34.094202 s10.0.2.15.36534      d169.45.207.200.443   0       
21:45:34.094329 s10.0.2.15.36534      d169.45.207.200.443   0       
21:45:34.094479 s169.45.207.200.443   d10.0.2.15.36534      5496    
21:45:34.094517 s169.45.207.200.443   d10.0.2.15.36534      2920    
21:45:34.094533 s10.0.2.15.36534      d169.45.207.200.443   0       
21:45:34.094649 s10.0.2.15.36534      d169.45.207.200.443   0       
21:45:34.094834 s169.45.207.200.443   d10.0.2.15.36534      5324    
21:45:34.094846 s169.45.207.200.443   d10.0.2.15.36534      5496    
21:45:34.095010 s10.0.2.15.36534      d169.45.207.200.443   0       
21:45:34.095040 s10.0.2.15.36534      d169.45.207.200.443   0       
21:45:34.095182 s169.45.207.200.443   d10.0.2.15.36534      4122    
21:45:34.095184 s169.45.207.200.443   d10.0.2.15.36534      5496    
21:45:34.095194 s10.0.2.15.36534      d169.45.207.200.443   0       
21:45:34.095211 s10.0.2.15.36534      d169.45.207.200.443   0       
21:45:34.095859 s169.45.207.200.443   d10.0.2.15.36534      5496    
21:45:34.095861 s169.45.207.200.443   d10.0.2.15.36534      2748    
21:45:34.095862 s169.45.207.200.443   d10.0.2.15.36534      4122    
21:45:34.095879 s10.0.2.15.36534      d169.45.207.200.443   0       
21:45:34.095902 s10.0.2.15.36534      d169.45.207.200.443   0       
21:45:34.095921 s10.0.2.15.36534      d169.45.207.200.443   0       
21:45:34.096479 s169.45.207.200.443   d10.0.2.15.36534      6870    
21:45:34.096495 s10.0.2.15.36534      d169.45.207.200.443   0       
21:45:34.096845 s169.45.207.200.443   d10.0.2.15.36534      2748    
21:45:34.096847 s169.45.207.200.443   d10.0.2.15.36534      1374    
21:45:34.096890 s10.0.2.15.36534      d169.45.207.200.443   0       
21:45:34.097493 s169.45.207.200.443   d10.0.2.15.36534      5496    
21:45:34.097509 s10.0.2.15.36534      d169.45.207.200.443   0       
21:45:34.097847 s169.45.207.200.443   d10.0.2.15.36534      2748    
21:45:34.097861 s10.0.2.15.36534      d169.45.207.200.443   0       
21:45:34.105770 s169.45.207.200.443   d10.0.2.15.36534      9618    
21:45:34.105773 s169.45.207.200.443   d10.0.2.15.36534      1374    
21:45:34.105802 s10.0.2.15.36534      d169.45.207.200.443   0       
21:45:34.107326 s169.45.207.200.443   d10.0.2.15.36534      8244    
21:45:34.107334 s169.45.207.200.443   d10.0.2.15.36534      5496    
21:45:34.107360 s10.0.2.15.36534      d169.45.207.200.443   0       
21:45:34.107696 s10.0.2.15.36534      d169.45.207.200.443   0       
21:45:34.107783 s169.45.207.200.443   d10.0.2.15.36534      4122    
21:45:34.107785 s169.45.207.200.443   d10.0.2.15.36534      4122    
21:45:34.107807 s10.0.2.15.36534      d169.45.207.200.443   0       
21:45:34.107932 s10.0.2.15.36534      d169.45.207.200.443   0       
21:45:34.109182 s169.45.207.200.443   d10.0.2.15.36534      8244    
21:45:34.109185 s169.45.207.200.443   d10.0.2.15.36534      5496    
21:45:34.109218 s10.0.2.15.36534      d169.45.207.200.443   0       
21:45:34.109330 s10.0.2.15.36534      d169.45.207.200.443   0       
21:45:34.109379 s169.45.207.200.443   d10.0.2.15.36534      1374    
21:45:34.110392 s169.45.207.200.443   d10.0.2.15.36534      1374    
21:45:34.110413 s10.0.2.15.36534      d169.45.207.200.443   0       
21:45:34.112563 s169.45.207.200.443   d10.0.2.15.36534      15114   
21:45:34.112893 s10.0.2.15.36534      d169.45.207.200.443   0       
21:45:34.112979 s169.45.207.200.443   d10.0.2.15.36534      8244    
21:45:34.112982 s169.45.207.200.443   d10.0.2.15.36534      8244    
21:45:34.113001 s10.0.2.15.36534      d169.45.207.200.443   0       
21:45:34.113020 s10.0.2.15.36534      d169.45.207.200.443   0       
21:45:34.113046 s169.45.207.200.443   d10.0.2.15.36534      4122    
21:45:34.113053 s10.0.2.15.36534      d169.45.207.200.443   0       
21:45:34.115894 s169.45.207.200.443   d10.0.2.15.36534      16488   
21:45:34.115978 s10.0.2.15.36534      d169.45.207.200.443   0       
21:45:34.116065 s169.45.207.200.443   d10.0.2.15.36534      9618    
21:45:34.116070 s169.45.207.200.443   d10.0.2.15.36534      8244    
21:45:34.116095 s10.0.2.15.36534      d169.45.207.200.443   0       
21:45:34.116126 s10.0.2.15.36534      d169.45.207.200.443   0       
21:45:34.116997 s169.45.207.200.443   d10.0.2.15.36534      12366   
21:45:34.117016 s10.0.2.15.36534      d169.45.207.200.443   0       
21:45:34.117219 s169.45.207.200.443   d10.0.2.15.36534      7300    
21:45:34.117513 s10.0.2.15.36534      d169.45.207.200.443   0       
21:45:34.117962 s169.45.207.200.443   d10.0.2.15.36534      2318    
21:45:34.117964 s169.45.207.200.443   d10.0.2.15.36534      1374    
21:45:34.117965 s169.45.207.200.443   d10.0.2.15.36534      4122    
21:45:34.117966 s169.45.207.200.443   d10.0.2.15.36534      2748    
21:45:34.117986 s10.0.2.15.36534      d169.45.207.200.443   0       
21:45:34.118011 s10.0.2.15.36534      d169.45.207.200.443   0       
21:45:34.118024 s10.0.2.15.36534      d169.45.207.200.443   0       
21:45:34.118143 s169.45.207.200.443   d10.0.2.15.36534      4122    
21:45:34.118145 s169.45.207.200.443   d10.0.2.15.36534      4122    
21:45:34.118147 s169.45.207.200.443   d10.0.2.15.36534      5496    
21:45:34.118157 s10.0.2.15.36534      d169.45.207.200.443   0       
21:45:34.118267 s10.0.2.15.36534      d169.45.207.200.443   0       
21:45:34.118436 s10.0.2.15.36534      d169.45.207.200.443   0       
21:45:34.118706 s169.45.207.200.443   d10.0.2.15.36534      4122    
21:45:34.118711 s169.45.207.200.443   d10.0.2.15.36534      8244    
21:45:34.118780 s10.0.2.15.36534      d169.45.207.200.443   0       
21:45:34.118805 s10.0.2.15.36534      d169.45.207.200.443   0       
21:45:34.118879 s169.45.207.200.443   d10.0.2.15.36534      2920    
21:45:34.118886 s10.0.2.15.36534      d169.45.207.200.443   0       
21:45:34.119202 s169.45.207.200.443   d10.0.2.15.36534      1202    
21:45:34.119204 s169.45.207.200.443   d10.0.2.15.36534      1374    
21:45:34.119220 s10.0.2.15.36534      d169.45.207.200.443   0       
21:45:34.119867 s169.45.207.200.443   d10.0.2.15.36534      6870    
21:45:34.119882 s10.0.2.15.36534      d169.45.207.200.443   0       
21:45:34.121230 s169.45.207.200.443   d10.0.2.15.36534      4122    
21:45:34.121245 s10.0.2.15.36534      d169.45.207.200.443   0       
21:45:34.122315 s169.45.207.200.443   d10.0.2.15.36534      8244    
21:45:34.122329 s10.0.2.15.36534      d169.45.207.200.443   0       
21:45:34.122526 s169.45.207.200.443   d10.0.2.15.36534      5496    
21:45:34.122536 s10.0.2.15.36534      d169.45.207.200.443   0       
21:45:34.123660 s169.45.207.200.443   d10.0.2.15.36534      2748    
21:45:34.123676 s10.0.2.15.36534      d169.45.207.200.443   0       
21:45:34.125316 s169.45.207.200.443   d10.0.2.15.36534      8244    
21:45:34.125319 s169.45.207.200.443   d10.0.2.15.36534      5496    
21:45:34.125519 s10.0.2.15.36534      d169.45.207.200.443   0       
21:45:34.125635 s10.0.2.15.36534      d169.45.207.200.443   0       
21:45:34.126521 s169.45.207.200.443   d10.0.2.15.36534      8244    
21:45:34.126522 s169.45.207.200.443   d10.0.2.15.36534      2748    
21:45:34.126574 s10.0.2.15.36534      d169.45.207.200.443   0       
21:45:34.126594 s10.0.2.15.36534      d169.45.207.200.443   0       
21:45:34.126671 s169.45.207.200.443   d10.0.2.15.36534      1374    
21:45:34.126813 s169.45.207.200.443   d10.0.2.15.36534      4122    
21:45:34.126819 s10.0.2.15.36534      d169.45.207.200.443   0       
21:45:34.128495 s169.45.207.200.443   d10.0.2.15.36534      9618    
21:45:34.128498 s169.45.207.200.443   d10.0.2.15.36534      5496    
21:45:34.128525 s10.0.2.15.36534      d169.45.207.200.443   0       
21:45:34.128586 s10.0.2.15.36534      d169.45.207.200.443   0       
21:45:34.128877 s169.45.207.200.443   d10.0.2.15.36534      2748    
21:45:34.128880 s169.45.207.200.443   d10.0.2.15.36534      1374    
21:45:34.128890 s10.0.2.15.36534      d169.45.207.200.443   0       
21:45:34.130246 s169.45.207.200.443   d10.0.2.15.36534      8244    
21:45:34.130249 s169.45.207.200.443   d10.0.2.15.36534      4122    
21:45:34.130271 s10.0.2.15.36534      d169.45.207.200.443   0       
21:45:34.130357 s10.0.2.15.36534      d169.45.207.200.443   0       
21:45:34.131420 s169.45.207.200.443   d10.0.2.15.36534      1374    
21:45:34.133749 s169.45.207.200.443   d10.0.2.15.36534      8244    
21:45:34.133772 s10.0.2.15.36534      d169.45.207.200.443   0       
21:45:34.134687 s169.45.207.200.443   d10.0.2.15.36534      6870    
21:45:34.134703 s10.0.2.15.36534      d169.45.207.200.443   0       
21:45:34.135107 s169.45.207.200.443   d10.0.2.15.36534      6870    
21:45:34.135119 s10.0.2.15.36534      d169.45.207.200.443   0       
