19:29:51.181139 s10.0.2.15.38030      d151.101.117.67.443   0       
19:29:51.195817 s151.101.117.67.443   d10.0.2.15.38030      0       
19:29:51.195851 s10.0.2.15.38030      d151.101.117.67.443   0       
19:29:51.209816 s10.0.2.15.38030      d151.101.117.67.443   517     
19:29:51.210448 s151.101.117.67.443   d10.0.2.15.38030      0       
19:29:51.227947 s151.101.117.67.443   d10.0.2.15.38030      2920    
19:29:51.227969 s10.0.2.15.38030      d151.101.117.67.443   0       
19:29:51.228185 s151.101.117.67.443   d10.0.2.15.38030      1202    
19:29:51.228242 s10.0.2.15.38030      d151.101.117.67.443   0       
19:29:51.228603 s151.101.117.67.443   d10.0.2.15.38030      941     
19:29:51.228613 s10.0.2.15.38030      d151.101.117.67.443   0       
19:29:51.231565 s10.0.2.15.38030      d151.101.117.67.443   93      
19:29:51.231909 s151.101.117.67.443   d10.0.2.15.38030      0       
19:29:51.245160 s151.101.117.67.443   d10.0.2.15.38030      51      
19:29:51.245177 s10.0.2.15.38030      d151.101.117.67.443   0       
19:29:51.245592 s10.0.2.15.38030      d151.101.117.67.443   53      
19:29:51.245624 s10.0.2.15.38030      d151.101.117.67.443   56      
19:29:51.245807 s151.101.117.67.443   d10.0.2.15.38030      0       
19:29:51.245826 s10.0.2.15.38030      d151.101.117.67.443   42      
19:29:51.246185 s151.101.117.67.443   d10.0.2.15.38030      0       
19:29:51.246186 s151.101.117.67.443   d10.0.2.15.38030      0       
19:29:51.246250 s10.0.2.15.38030      d151.101.117.67.443   67      
19:29:51.246430 s151.101.117.67.443   d10.0.2.15.38030      0       
19:29:51.259230 s151.101.117.67.443   d10.0.2.15.38030      95      
19:29:51.259246 s10.0.2.15.38030      d151.101.117.67.443   0       
19:29:51.259501 s10.0.2.15.38030      d151.101.117.67.443   38      
19:29:51.259783 s151.101.117.67.443   d10.0.2.15.38030      0       
19:29:51.261077 s151.101.117.67.443   d10.0.2.15.38030      6870    
19:29:51.261143 s10.0.2.15.38030      d151.101.117.67.443   0       
19:29:51.262462 s151.101.117.67.443   d10.0.2.15.38030      2748    
19:29:51.262478 s10.0.2.15.38030      d151.101.117.67.443   0       
19:29:51.263490 s151.101.117.67.443   d10.0.2.15.38030      6870    
19:29:51.263583 s10.0.2.15.38030      d151.101.117.67.443   0       
19:29:51.265713 s151.101.117.67.443   d10.0.2.15.38030      5496    
19:29:51.265715 s151.101.117.67.443   d10.0.2.15.38030      2748    
19:29:51.265736 s10.0.2.15.38030      d151.101.117.67.443   0       
19:29:51.266181 s10.0.2.15.38030      d151.101.117.67.443   0       
19:29:51.266618 s151.101.117.67.443   d10.0.2.15.38030      4122    
19:29:51.266670 s10.0.2.15.38030      d151.101.117.67.443   0       
19:29:51.267745 s151.101.117.67.443   d10.0.2.15.38030      4122    
19:29:51.267762 s10.0.2.15.38030      d151.101.117.67.443   0       
19:29:51.268773 s151.101.117.67.443   d10.0.2.15.38030      4122    
19:29:51.268790 s10.0.2.15.38030      d151.101.117.67.443   0       
19:29:51.269710 s151.101.117.67.443   d10.0.2.15.38030      2748    
19:29:51.269724 s10.0.2.15.38030      d151.101.117.67.443   0       
19:29:51.270768 s151.101.117.67.443   d10.0.2.15.38030      4122    
19:29:51.270836 s10.0.2.15.38030      d151.101.117.67.443   0       
19:29:51.272191 s151.101.117.67.443   d10.0.2.15.38030      5496    
19:29:51.272206 s10.0.2.15.38030      d151.101.117.67.443   0       
19:29:51.273222 s151.101.117.67.443   d10.0.2.15.38030      1374    
19:29:51.274428 s151.101.117.67.443   d10.0.2.15.38030      4122    
19:29:51.274444 s10.0.2.15.38030      d151.101.117.67.443   0       
19:29:51.275333 s151.101.117.67.443   d10.0.2.15.38030      4122    
19:29:51.275356 s10.0.2.15.38030      d151.101.117.67.443   0       
19:29:51.276399 s151.101.117.67.443   d10.0.2.15.38030      2748    
19:29:51.276415 s10.0.2.15.38030      d151.101.117.67.443   0       
19:29:51.277653 s151.101.117.67.443   d10.0.2.15.38030      5496    
19:29:51.277736 s10.0.2.15.38030      d151.101.117.67.443   0       
19:29:51.279109 s151.101.117.67.443   d10.0.2.15.38030      4122    
19:29:51.279125 s10.0.2.15.38030      d151.101.117.67.443   0       
19:29:51.279941 s151.101.117.67.443   d10.0.2.15.38030      5496    
19:29:51.280004 s10.0.2.15.38030      d151.101.117.67.443   0       
19:29:51.281094 s151.101.117.67.443   d10.0.2.15.38030      5496    
19:29:51.281108 s10.0.2.15.38030      d151.101.117.67.443   0       
19:29:51.282064 s151.101.117.67.443   d10.0.2.15.38030      4122    
19:29:51.282079 s10.0.2.15.38030      d151.101.117.67.443   0       
19:29:51.283313 s151.101.117.67.443   d10.0.2.15.38030      5496    
19:29:51.283330 s10.0.2.15.38030      d151.101.117.67.443   0       
19:29:51.284441 s151.101.117.67.443   d10.0.2.15.38030      6870    
19:29:51.284457 s10.0.2.15.38030      d151.101.117.67.443   0       
19:29:51.285526 s151.101.117.67.443   d10.0.2.15.38030      4122    
19:29:51.285541 s10.0.2.15.38030      d151.101.117.67.443   0       
19:29:51.286583 s151.101.117.67.443   d10.0.2.15.38030      5496    
19:29:51.286600 s10.0.2.15.38030      d151.101.117.67.443   0       
19:29:51.287783 s151.101.117.67.443   d10.0.2.15.38030      6870    
19:29:51.287803 s10.0.2.15.38030      d151.101.117.67.443   0       
19:29:51.288224 s151.101.117.67.443   d10.0.2.15.38030      2748    
19:29:51.288226 s151.101.117.67.443   d10.0.2.15.38030      2748    
19:29:51.288226 s151.101.117.67.443   d10.0.2.15.38030      2748    
19:29:51.288244 s10.0.2.15.38030      d151.101.117.67.443   0       
19:29:51.288261 s10.0.2.15.38030      d151.101.117.67.443   0       
19:29:51.288281 s10.0.2.15.38030      d151.101.117.67.443   0       
19:29:51.288390 s151.101.117.67.443   d10.0.2.15.38030      2748    
19:29:51.288396 s10.0.2.15.38030      d151.101.117.67.443   0       
19:29:51.289133 s151.101.117.67.443   d10.0.2.15.38030      5496    
19:29:51.289250 s10.0.2.15.38030      d151.101.117.67.443   0       
19:29:51.289417 s151.101.117.67.443   d10.0.2.15.38030      5496    
19:29:51.289426 s10.0.2.15.38030      d151.101.117.67.443   0       
19:29:51.290389 s151.101.117.67.443   d10.0.2.15.38030      6870    
19:29:51.290391 s151.101.117.67.443   d10.0.2.15.38030      2748    
19:29:51.290409 s10.0.2.15.38030      d151.101.117.67.443   0       
19:29:51.290432 s10.0.2.15.38030      d151.101.117.67.443   0       
19:29:51.292136 s151.101.117.67.443   d10.0.2.15.38030      12366   
19:29:51.292160 s10.0.2.15.38030      d151.101.117.67.443   0       
19:29:51.292212 s151.101.117.67.443   d10.0.2.15.38030      4122    
19:29:51.292214 s151.101.117.67.443   d10.0.2.15.38030      1374    
19:29:51.292228 s10.0.2.15.38030      d151.101.117.67.443   0       
19:29:51.293558 s151.101.117.67.443   d10.0.2.15.38030      4380    
19:29:51.293788 s10.0.2.15.38030      d151.101.117.67.443   0       
19:29:51.294622 s151.101.117.67.443   d10.0.2.15.38030      3864    
19:29:51.294625 s151.101.117.67.443   d10.0.2.15.38030      4122    
19:29:51.294626 s151.101.117.67.443   d10.0.2.15.38030      4122    
19:29:51.294648 s10.0.2.15.38030      d151.101.117.67.443   0       
19:29:51.294690 s10.0.2.15.38030      d151.101.117.67.443   0       
19:29:51.294705 s10.0.2.15.38030      d151.101.117.67.443   0       
19:29:51.294744 s151.101.117.67.443   d10.0.2.15.38030      2748    
19:29:51.294746 s151.101.117.67.443   d10.0.2.15.38030      5496    
19:29:51.294747 s151.101.117.67.443   d10.0.2.15.38030      1374    
19:29:51.294747 s151.101.117.67.443   d10.0.2.15.38030      2748    
19:29:51.294755 s10.0.2.15.38030      d151.101.117.67.443   0       
19:29:51.294774 s10.0.2.15.38030      d151.101.117.67.443   0       
19:29:51.294855 s10.0.2.15.38030      d151.101.117.67.443   0       
19:29:51.295976 s151.101.117.67.443   d10.0.2.15.38030      6870    
19:29:51.296092 s10.0.2.15.38030      d151.101.117.67.443   0       
19:29:51.297173 s151.101.117.67.443   d10.0.2.15.38030      2748    
19:29:51.297175 s151.101.117.67.443   d10.0.2.15.38030      2748    
19:29:51.297175 s151.101.117.67.443   d10.0.2.15.38030      4122    
19:29:51.297193 s10.0.2.15.38030      d151.101.117.67.443   0       
19:29:51.297254 s10.0.2.15.38030      d151.101.117.67.443   0       
19:29:51.297264 s10.0.2.15.38030      d151.101.117.67.443   0       
19:29:51.297582 s151.101.117.67.443   d10.0.2.15.38030      5496    
19:29:51.297762 s10.0.2.15.38030      d151.101.117.67.443   0       
19:29:51.297901 s151.101.117.67.443   d10.0.2.15.38030      4122    
19:29:51.297902 s151.101.117.67.443   d10.0.2.15.38030      2748    
19:29:51.297912 s10.0.2.15.38030      d151.101.117.67.443   0       
19:29:51.297926 s10.0.2.15.38030      d151.101.117.67.443   0       
19:29:51.298031 s151.101.117.67.443   d10.0.2.15.38030      2748    
19:29:51.298036 s10.0.2.15.38030      d151.101.117.67.443   0       
19:29:51.298346 s151.101.117.67.443   d10.0.2.15.38030      4122    
19:29:51.298357 s10.0.2.15.38030      d151.101.117.67.443   0       
19:29:51.300253 s151.101.117.67.443   d10.0.2.15.38030      8244    
19:29:51.300258 s151.101.117.67.443   d10.0.2.15.38030      2748    
19:29:51.300387 s10.0.2.15.38030      d151.101.117.67.443   0       
19:29:51.300511 s10.0.2.15.38030      d151.101.117.67.443   0       
19:29:51.300551 s151.101.117.67.443   d10.0.2.15.38030      2748    
19:29:51.300552 s151.101.117.67.443   d10.0.2.15.38030      2748    
19:29:51.300553 s151.101.117.67.443   d10.0.2.15.38030      2748    
19:29:51.300554 s151.101.117.67.443   d10.0.2.15.38030      1374    
19:29:51.300741 s10.0.2.15.38030      d151.101.117.67.443   0       
19:29:51.300821 s10.0.2.15.38030      d151.101.117.67.443   0       
19:29:51.300898 s10.0.2.15.38030      d151.101.117.67.443   0       
19:29:51.302353 s151.101.117.67.443   d10.0.2.15.38030      5496    
19:29:51.302355 s151.101.117.67.443   d10.0.2.15.38030      4122    
19:29:51.302356 s151.101.117.67.443   d10.0.2.15.38030      4122    
19:29:51.302374 s10.0.2.15.38030      d151.101.117.67.443   0       
19:29:51.302440 s10.0.2.15.38030      d151.101.117.67.443   0       
19:29:51.302455 s10.0.2.15.38030      d151.101.117.67.443   0       
19:29:51.302474 s151.101.117.67.443   d10.0.2.15.38030      1374    
19:29:51.305402 s151.101.117.67.443   d10.0.2.15.38030      6870    
19:29:51.305405 s151.101.117.67.443   d10.0.2.15.38030      5496    
19:29:51.305425 s10.0.2.15.38030      d151.101.117.67.443   0       
19:29:51.305454 s10.0.2.15.38030      d151.101.117.67.443   0       
19:29:51.305488 s151.101.117.67.443   d10.0.2.15.38030      4122    
19:29:51.305490 s151.101.117.67.443   d10.0.2.15.38030      5496    
19:29:51.305490 s151.101.117.67.443   d10.0.2.15.38030      1374    
19:29:51.305498 s10.0.2.15.38030      d151.101.117.67.443   0       
19:29:51.305512 s10.0.2.15.38030      d151.101.117.67.443   0       
19:29:51.307528 s151.101.117.67.443   d10.0.2.15.38030      6870    
19:29:51.307531 s151.101.117.67.443   d10.0.2.15.38030      4122    
19:29:51.307614 s10.0.2.15.38030      d151.101.117.67.443   0       
19:29:51.307654 s10.0.2.15.38030      d151.101.117.67.443   0       
19:29:51.307739 s151.101.117.67.443   d10.0.2.15.38030      5496    
19:29:51.307815 s10.0.2.15.38030      d151.101.117.67.443   0       
19:29:51.308142 s151.101.117.67.443   d10.0.2.15.38030      2748    
19:29:51.308144 s151.101.117.67.443   d10.0.2.15.38030      2748    
19:29:51.308167 s10.0.2.15.38030      d151.101.117.67.443   0       
19:29:51.308192 s10.0.2.15.38030      d151.101.117.67.443   0       
19:29:51.308382 s151.101.117.67.443   d10.0.2.15.38030      2748    
19:29:51.308383 s151.101.117.67.443   d10.0.2.15.38030      1374    
19:29:51.308384 s151.101.117.67.443   d10.0.2.15.38030      1460    
19:29:51.308398 s10.0.2.15.38030      d151.101.117.67.443   0       
19:29:51.308420 s10.0.2.15.38030      d151.101.117.67.443   0       
19:29:51.308653 s151.101.117.67.443   d10.0.2.15.38030      4036    
19:29:51.308668 s10.0.2.15.38030      d151.101.117.67.443   0       
19:29:51.308953 s151.101.117.67.443   d10.0.2.15.38030      4122    
19:29:51.308965 s10.0.2.15.38030      d151.101.117.67.443   0       
19:29:51.311272 s151.101.117.67.443   d10.0.2.15.38030      6870    
19:29:51.311309 s151.101.117.67.443   d10.0.2.15.38030      2748    
19:29:51.311405 s10.0.2.15.38030      d151.101.117.67.443   0       
19:29:51.311447 s10.0.2.15.38030      d151.101.117.67.443   0       
19:29:51.311800 s151.101.117.67.443   d10.0.2.15.38030      4122    
19:29:51.311802 s151.101.117.67.443   d10.0.2.15.38030      2748    
19:29:51.311804 s151.101.117.67.443   d10.0.2.15.38030      4122    
19:29:51.311818 s10.0.2.15.38030      d151.101.117.67.443   0       
19:29:51.311928 s10.0.2.15.38030      d151.101.117.67.443   0       
19:29:51.311953 s10.0.2.15.38030      d151.101.117.67.443   0       
19:29:51.312014 s151.101.117.67.443   d10.0.2.15.38030      1374    
19:29:51.312015 s151.101.117.67.443   d10.0.2.15.38030      1374    
19:29:51.312017 s151.101.117.67.443   d10.0.2.15.38030      6870    
19:29:51.312018 s151.101.117.67.443   d10.0.2.15.38030      4122    
19:29:51.312029 s10.0.2.15.38030      d151.101.117.67.443   0       
19:29:51.312041 s10.0.2.15.38030      d151.101.117.67.443   0       
19:29:51.312160 s10.0.2.15.38030      d151.101.117.67.443   0       
19:29:51.312284 s151.101.117.67.443   d10.0.2.15.38030      1374    
19:29:51.312286 s151.101.117.67.443   d10.0.2.15.38030      5496    
19:29:51.312287 s151.101.117.67.443   d10.0.2.15.38030      2748    
19:29:51.312287 s151.101.117.67.443   d10.0.2.15.38030      2748    
19:29:51.312410 s10.0.2.15.38030      d151.101.117.67.443   0       
19:29:51.312434 s10.0.2.15.38030      d151.101.117.67.443   0       
19:29:51.312446 s10.0.2.15.38030      d151.101.117.67.443   0       
19:29:51.312474 s151.101.117.67.443   d10.0.2.15.38030      4122    
19:29:51.312475 s151.101.117.67.443   d10.0.2.15.38030      2748    
19:29:51.312487 s10.0.2.15.38030      d151.101.117.67.443   0       
19:29:51.312547 s10.0.2.15.38030      d151.101.117.67.443   0       
19:29:51.312844 s151.101.117.67.443   d10.0.2.15.38030      2748    
19:29:51.312846 s151.101.117.67.443   d10.0.2.15.38030      2748    
19:29:51.312859 s10.0.2.15.38030      d151.101.117.67.443   0       
19:29:51.312875 s10.0.2.15.38030      d151.101.117.67.443   0       
19:29:51.313796 s151.101.117.67.443   d10.0.2.15.38030      5496    
19:29:51.313799 s151.101.117.67.443   d10.0.2.15.38030      6870    
19:29:51.313822 s10.0.2.15.38030      d151.101.117.67.443   0       
19:29:51.313847 s10.0.2.15.38030      d151.101.117.67.443   0       
19:29:51.315341 s151.101.117.67.443   d10.0.2.15.38030      6870    
19:29:51.315344 s151.101.117.67.443   d10.0.2.15.38030      5496    
19:29:51.315368 s10.0.2.15.38030      d151.101.117.67.443   0       
19:29:51.315516 s10.0.2.15.38030      d151.101.117.67.443   0       
19:29:51.315651 s151.101.117.67.443   d10.0.2.15.38030      4658    
19:29:51.315653 s151.101.117.67.443   d10.0.2.15.38030      5496    
19:29:51.315664 s10.0.2.15.38030      d151.101.117.67.443   0       
19:29:51.315682 s10.0.2.15.38030      d151.101.117.67.443   0       
19:29:51.315759 s151.101.117.67.443   d10.0.2.15.38030      2748    
19:29:51.315771 s10.0.2.15.38030      d151.101.117.67.443   0       
19:29:51.316309 s151.101.117.67.443   d10.0.2.15.38030      2748    
19:29:51.316372 s151.101.117.67.443   d10.0.2.15.38030      5462    
19:29:51.316373 s151.101.117.67.443   d10.0.2.15.38030      2748    
19:29:51.316395 s10.0.2.15.38030      d151.101.117.67.443   0       
19:29:51.316433 s10.0.2.15.38030      d151.101.117.67.443   0       
19:29:51.316446 s10.0.2.15.38030      d151.101.117.67.443   0       
19:29:51.318008 s151.101.117.67.443   d10.0.2.15.38030      4380    
19:29:51.318033 s10.0.2.15.38030      d151.101.117.67.443   0       
19:29:51.318259 s151.101.117.67.443   d10.0.2.15.38030      3864    
19:29:51.318262 s151.101.117.67.443   d10.0.2.15.38030      5496    
19:29:51.318262 s151.101.117.67.443   d10.0.2.15.38030      1374    
19:29:51.318284 s10.0.2.15.38030      d151.101.117.67.443   0       
19:29:51.318307 s10.0.2.15.38030      d151.101.117.67.443   0       
19:29:51.318326 s151.101.117.67.443   d10.0.2.15.38030      5496    
19:29:51.318327 s151.101.117.67.443   d10.0.2.15.38030      2748    
19:29:51.318328 s151.101.117.67.443   d10.0.2.15.38030      2748    
19:29:51.318334 s10.0.2.15.38030      d151.101.117.67.443   0       
19:29:51.318414 s10.0.2.15.38030      d151.101.117.67.443   0       
19:29:51.319989 s10.0.2.15.38030      d151.101.117.67.443   0       
19:29:51.321007 s151.101.117.67.443   d10.0.2.15.38030      4994    
19:29:51.321009 s151.101.117.67.443   d10.0.2.15.38030      2748    
19:29:51.321009 s151.101.117.67.443   d10.0.2.15.38030      1374    
19:29:51.321013 s151.101.117.67.443   d10.0.2.15.38030      9618    
19:29:51.321034 s10.0.2.15.38030      d151.101.117.67.443   0       
19:29:51.321053 s10.0.2.15.38030      d151.101.117.67.443   0       
19:29:51.321069 s10.0.2.15.38030      d151.101.117.67.443   0       
19:29:51.321087 s151.101.117.67.443   d10.0.2.15.38030      10992   
19:29:51.321091 s10.0.2.15.38030      d151.101.117.67.443   0       
19:29:51.321109 s151.101.117.67.443   d10.0.2.15.38030      2748    
19:29:51.321112 s151.101.117.67.443   d10.0.2.15.38030      12366   
19:29:51.321116 s10.0.2.15.38030      d151.101.117.67.443   0       
19:29:51.321124 s10.0.2.15.38030      d151.101.117.67.443   0       
19:29:51.321699 s151.101.117.67.443   d10.0.2.15.38030      6870    
19:29:51.321711 s10.0.2.15.38030      d151.101.117.67.443   0       
19:29:51.321912 s151.101.117.67.443   d10.0.2.15.38030      4122    
19:29:51.321913 s151.101.117.67.443   d10.0.2.15.38030      1374    
19:29:51.321926 s10.0.2.15.38030      d151.101.117.67.443   0       
19:29:51.322042 s151.101.117.67.443   d10.0.2.15.38030      2748    
19:29:51.322171 s10.0.2.15.38030      d151.101.117.67.443   0       
19:29:51.322580 s151.101.117.67.443   d10.0.2.15.38030      2748    
19:29:51.322582 s151.101.117.67.443   d10.0.2.15.38030      4122    
19:29:51.322582 s151.101.117.67.443   d10.0.2.15.38030      2748    
19:29:51.322583 s151.101.117.67.443   d10.0.2.15.38030      1374    
19:29:51.322651 s10.0.2.15.38030      d151.101.117.67.443   0       
19:29:51.322704 s10.0.2.15.38030      d151.101.117.67.443   0       
19:29:51.322762 s10.0.2.15.38030      d151.101.117.67.443   0       
19:29:51.322863 s151.101.117.67.443   d10.0.2.15.38030      4122    
19:29:51.322864 s151.101.117.67.443   d10.0.2.15.38030      2748    
19:29:51.322950 s10.0.2.15.38030      d151.101.117.67.443   0       
19:29:51.322973 s10.0.2.15.38030      d151.101.117.67.443   0       
19:29:51.323176 s151.101.117.67.443   d10.0.2.15.38030      2748    
19:29:51.323213 s10.0.2.15.38030      d151.101.117.67.443   0       
19:29:51.323760 s151.101.117.67.443   d10.0.2.15.38030      4122    
19:29:51.323762 s151.101.117.67.443   d10.0.2.15.38030      2748    
19:29:51.323777 s10.0.2.15.38030      d151.101.117.67.443   0       
19:29:51.323844 s10.0.2.15.38030      d151.101.117.67.443   0       
19:29:51.324283 s151.101.117.67.443   d10.0.2.15.38030      1374    
19:29:51.324285 s151.101.117.67.443   d10.0.2.15.38030      4122    
19:29:51.324286 s151.101.117.67.443   d10.0.2.15.38030      5496    
19:29:51.324301 s10.0.2.15.38030      d151.101.117.67.443   0       
19:29:51.324317 s10.0.2.15.38030      d151.101.117.67.443   0       
19:29:51.325351 s151.101.117.67.443   d10.0.2.15.38030      1374    
19:29:51.325354 s151.101.117.67.443   d10.0.2.15.38030      5496    
19:29:51.325355 s151.101.117.67.443   d10.0.2.15.38030      2748    
19:29:51.325356 s151.101.117.67.443   d10.0.2.15.38030      4122    
19:29:51.325401 s10.0.2.15.38030      d151.101.117.67.443   0       
19:29:51.325462 s10.0.2.15.38030      d151.101.117.67.443   0       
19:29:51.325474 s10.0.2.15.38030      d151.101.117.67.443   0       
19:29:51.326602 s151.101.117.67.443   d10.0.2.15.38030      4122    
19:29:51.326604 s151.101.117.67.443   d10.0.2.15.38030      2748    
19:29:51.326605 s151.101.117.67.443   d10.0.2.15.38030      2748    
19:29:51.326605 s151.101.117.67.443   d10.0.2.15.38030      4122    
19:29:51.326620 s10.0.2.15.38030      d151.101.117.67.443   0       
19:29:51.326642 s10.0.2.15.38030      d151.101.117.67.443   0       
19:29:51.326655 s10.0.2.15.38030      d151.101.117.67.443   0       
19:29:51.326668 s10.0.2.15.38030      d151.101.117.67.443   0       
19:29:51.326681 s151.101.117.67.443   d10.0.2.15.38030      2748    
19:29:51.326682 s151.101.117.67.443   d10.0.2.15.38030      1374    
19:29:51.326683 s151.101.117.67.443   d10.0.2.15.38030      4122    
19:29:51.326684 s151.101.117.67.443   d10.0.2.15.38030      2748    
19:29:51.326690 s10.0.2.15.38030      d151.101.117.67.443   0       
19:29:51.326705 s10.0.2.15.38030      d151.101.117.67.443   0       
19:29:51.326721 s10.0.2.15.38030      d151.101.117.67.443   0       
19:29:51.326756 s151.101.117.67.443   d10.0.2.15.38030      1374    
19:29:51.326757 s151.101.117.67.443   d10.0.2.15.38030      2748    
19:29:51.326758 s151.101.117.67.443   d10.0.2.15.38030      2748    
19:29:51.326767 s10.0.2.15.38030      d151.101.117.67.443   0       
19:29:51.326857 s10.0.2.15.38030      d151.101.117.67.443   0       
19:29:51.327101 s151.101.117.67.443   d10.0.2.15.38030      2748    
19:29:51.327102 s151.101.117.67.443   d10.0.2.15.38030      1374    
19:29:51.327103 s151.101.117.67.443   d10.0.2.15.38030      4122    
19:29:51.327114 s10.0.2.15.38030      d151.101.117.67.443   0       
19:29:51.327130 s10.0.2.15.38030      d151.101.117.67.443   0       
19:29:51.327971 s151.101.117.67.443   d10.0.2.15.38030      5496    
19:29:51.327986 s10.0.2.15.38030      d151.101.117.67.443   0       
19:29:51.329057 s151.101.117.67.443   d10.0.2.15.38030      6870    
19:29:51.329058 s151.101.117.67.443   d10.0.2.15.38030      2748    
19:29:51.329076 s10.0.2.15.38030      d151.101.117.67.443   0       
19:29:51.329277 s10.0.2.15.38030      d151.101.117.67.443   0       
19:29:51.329871 s151.101.117.67.443   d10.0.2.15.38030      5496    
19:29:51.329872 s151.101.117.67.443   d10.0.2.15.38030      2748    
19:29:51.329873 s151.101.117.67.443   d10.0.2.15.38030      2748    
19:29:51.329884 s10.0.2.15.38030      d151.101.117.67.443   0       
19:29:51.329901 s10.0.2.15.38030      d151.101.117.67.443   0       
19:29:51.329916 s10.0.2.15.38030      d151.101.117.67.443   0       
19:29:51.329942 s151.101.117.67.443   d10.0.2.15.38030      2748    
19:29:51.329944 s151.101.117.67.443   d10.0.2.15.38030      4122    
19:29:51.329944 s151.101.117.67.443   d10.0.2.15.38030      1374    
19:29:51.329951 s10.0.2.15.38030      d151.101.117.67.443   0       
19:29:51.329963 s10.0.2.15.38030      d151.101.117.67.443   0       
19:29:51.330144 s151.101.117.67.443   d10.0.2.15.38030      2748    
19:29:51.330149 s10.0.2.15.38030      d151.101.117.67.443   0       
19:29:51.330311 s151.101.117.67.443   d10.0.2.15.38030      2748    
19:29:51.330316 s10.0.2.15.38030      d151.101.117.67.443   0       
19:29:51.331405 s151.101.117.67.443   d10.0.2.15.38030      2748    
19:29:51.331408 s151.101.117.67.443   d10.0.2.15.38030      4122    
19:29:51.331408 s151.101.117.67.443   d10.0.2.15.38030      1374    
19:29:51.331410 s151.101.117.67.443   d10.0.2.15.38030      5496    
19:29:51.331427 s10.0.2.15.38030      d151.101.117.67.443   0       
19:29:51.331448 s10.0.2.15.38030      d151.101.117.67.443   0       
19:29:51.331462 s10.0.2.15.38030      d151.101.117.67.443   0       
19:29:51.331486 s151.101.117.67.443   d10.0.2.15.38030      2748    
19:29:51.331487 s151.101.117.67.443   d10.0.2.15.38030      2748    
19:29:51.331488 s151.101.117.67.443   d10.0.2.15.38030      2748    
19:29:51.331489 s151.101.117.67.443   d10.0.2.15.38030      2748    
19:29:51.331494 s10.0.2.15.38030      d151.101.117.67.443   0       
19:29:51.331505 s10.0.2.15.38030      d151.101.117.67.443   0       
19:29:51.331515 s10.0.2.15.38030      d151.101.117.67.443   0       
19:29:51.331524 s10.0.2.15.38030      d151.101.117.67.443   0       
19:29:51.332950 s151.101.117.67.443   d10.0.2.15.38030      2748    
19:29:51.332952 s151.101.117.67.443   d10.0.2.15.38030      4122    
19:29:51.332953 s151.101.117.67.443   d10.0.2.15.38030      2748    
19:29:51.332954 s151.101.117.67.443   d10.0.2.15.38030      1374    
19:29:51.332974 s10.0.2.15.38030      d151.101.117.67.443   0       
19:29:51.333055 s10.0.2.15.38030      d151.101.117.67.443   0       
19:29:51.333408 s10.0.2.15.38030      d151.101.117.67.443   0       
19:29:51.333716 s151.101.117.67.443   d10.0.2.15.38030      4122    
19:29:51.333717 s151.101.117.67.443   d10.0.2.15.38030      1374    
19:29:51.333718 s151.101.117.67.443   d10.0.2.15.38030      2748    
19:29:51.333719 s151.101.117.67.443   d10.0.2.15.38030      4122    
19:29:51.333734 s10.0.2.15.38030      d151.101.117.67.443   0       
19:29:51.333791 s10.0.2.15.38030      d151.101.117.67.443   0       
19:29:51.333873 s151.101.117.67.443   d10.0.2.15.38030      2748    
19:29:51.333876 s151.101.117.67.443   d10.0.2.15.38030      5496    
19:29:51.333877 s151.101.117.67.443   d10.0.2.15.38030      2748    
19:29:51.333979 s151.101.117.67.443   d10.0.2.15.38030      5496    
19:29:51.335190 s151.101.117.67.443   d10.0.2.15.38030      2748    
19:29:51.335191 s151.101.117.67.443   d10.0.2.15.38030      2748    
19:29:51.335192 s151.101.117.67.443   d10.0.2.15.38030      5496    
19:29:51.335272 s151.101.117.67.443   d10.0.2.15.38030      2748    
19:29:51.336905 s10.0.2.15.38030      d151.101.117.67.443   0       
19:29:51.337368 s151.101.117.67.443   d10.0.2.15.38030      1460    
19:29:51.337723 s151.101.117.67.443   d10.0.2.15.38030      42508   
19:29:51.337884 s10.0.2.15.38030      d151.101.117.67.443   0       
19:29:51.338515 s151.101.117.67.443   d10.0.2.15.38030      12366   
19:29:51.338528 s10.0.2.15.38030      d151.101.117.67.443   0       
19:29:51.338623 s151.101.117.67.443   d10.0.2.15.38030      2748    
19:29:51.338624 s151.101.117.67.443   d10.0.2.15.38030      1374    
19:29:51.338626 s151.101.117.67.443   d10.0.2.15.38030      5496    
19:29:51.338826 s10.0.2.15.38030      d151.101.117.67.443   0       
19:29:51.338860 s151.101.117.67.443   d10.0.2.15.38030      2748    
19:29:51.338862 s151.101.117.67.443   d10.0.2.15.38030      2748    
19:29:51.338913 s10.0.2.15.38030      d151.101.117.67.443   0       
19:29:51.339035 s151.101.117.67.443   d10.0.2.15.38030      2748    
19:29:51.339268 s10.0.2.15.38030      d151.101.117.67.443   0       
19:29:51.339522 s151.101.117.67.443   d10.0.2.15.38030      8244    
19:29:51.339557 s151.101.117.67.443   d10.0.2.15.38030      1460    
19:29:51.339727 s151.101.117.67.443   d10.0.2.15.38030      1288    
19:29:51.339728 s151.101.117.67.443   d10.0.2.15.38030      2748    
19:29:51.339760 s10.0.2.15.38030      d151.101.117.67.443   0       
19:29:51.339833 s151.101.117.67.443   d10.0.2.15.38030      2748    
19:29:51.339834 s151.101.117.67.443   d10.0.2.15.38030      1374    
19:29:51.339879 s10.0.2.15.38030      d151.101.117.67.443   0       
19:29:51.340110 s151.101.117.67.443   d10.0.2.15.38030      2748    
19:29:51.340462 s151.101.117.67.443   d10.0.2.15.38030      4122    
19:29:51.340463 s151.101.117.67.443   d10.0.2.15.38030      1374    
19:29:51.340464 s151.101.117.67.443   d10.0.2.15.38030      4122    
19:29:51.340559 s151.101.117.67.443   d10.0.2.15.38030      1374    
19:29:51.340808 s151.101.117.67.443   d10.0.2.15.38030      2748    
19:29:51.340995 s151.101.117.67.443   d10.0.2.15.38030      4122    
19:29:51.341233 s151.101.117.67.443   d10.0.2.15.38030      5496    
19:29:51.341521 s151.101.117.67.443   d10.0.2.15.38030      1374    
19:29:51.341522 s151.101.117.67.443   d10.0.2.15.38030      2748    
19:29:51.342126 s151.101.117.67.443   d10.0.2.15.38030      4122    
19:29:51.342541 s10.0.2.15.38030      d151.101.117.67.443   0       
19:29:51.342952 s151.101.117.67.443   d10.0.2.15.38030      15114   
19:29:51.342967 s10.0.2.15.38030      d151.101.117.67.443   0       
19:29:51.343584 s151.101.117.67.443   d10.0.2.15.38030      2748    
19:29:51.343587 s151.101.117.67.443   d10.0.2.15.38030      5496    
19:29:51.343588 s151.101.117.67.443   d10.0.2.15.38030      2748    
19:29:51.343677 s151.101.117.67.443   d10.0.2.15.38030      2748    
19:29:51.343677 s151.101.117.67.443   d10.0.2.15.38030      2748    
19:29:51.343803 s151.101.117.67.443   d10.0.2.15.38030      1374    
19:29:51.343804 s151.101.117.67.443   d10.0.2.15.38030      2748    
19:29:51.344010 s151.101.117.67.443   d10.0.2.15.38030      2748    
19:29:51.344050 s10.0.2.15.38030      d151.101.117.67.443   0       
19:29:51.344101 s151.101.117.67.443   d10.0.2.15.38030      2748    
19:29:51.344198 s10.0.2.15.38030      d151.101.117.67.443   0       
19:29:51.344604 s151.101.117.67.443   d10.0.2.15.38030      2748    
19:29:51.344606 s151.101.117.67.443   d10.0.2.15.38030      2748    
19:29:51.344920 s151.101.117.67.443   d10.0.2.15.38030      4122    
19:29:51.344922 s151.101.117.67.443   d10.0.2.15.38030      4122    
19:29:51.344922 s151.101.117.67.443   d10.0.2.15.38030      2748    
19:29:51.345059 s151.101.117.67.443   d10.0.2.15.38030      2748    
19:29:51.345183 s151.101.117.67.443   d10.0.2.15.38030      1374    
19:29:51.345236 s10.0.2.15.38030      d151.101.117.67.443   0       
19:29:51.345292 s151.101.117.67.443   d10.0.2.15.38030      4122    
19:29:51.345332 s10.0.2.15.38030      d151.101.117.67.443   0       
19:29:51.345499 s151.101.117.67.443   d10.0.2.15.38030      1374    
19:29:51.345658 s151.101.117.67.443   d10.0.2.15.38030      4122    
19:29:51.345659 s151.101.117.67.443   d10.0.2.15.38030      1374    
19:29:51.345682 s10.0.2.15.38030      d151.101.117.67.443   0       
19:29:51.345878 s151.101.117.67.443   d10.0.2.15.38030      1374    
19:29:51.347499 s151.101.117.67.443   d10.0.2.15.38030      8244    
19:29:51.347502 s151.101.117.67.443   d10.0.2.15.38030      5496    
19:29:51.347524 s10.0.2.15.38030      d151.101.117.67.443   0       
19:29:51.347626 s10.0.2.15.38030      d151.101.117.67.443   0       
19:29:51.347769 s151.101.117.67.443   d10.0.2.15.38030      1374    
19:29:51.347771 s151.101.117.67.443   d10.0.2.15.38030      5496    
19:29:51.347772 s151.101.117.67.443   d10.0.2.15.38030      5496    
19:29:51.347786 s10.0.2.15.38030      d151.101.117.67.443   0       
19:29:51.347813 s151.101.117.67.443   d10.0.2.15.38030      2748    
