19:30:51.568971 s10.0.2.15.38058      d151.101.117.67.443   0       
19:30:51.585254 s151.101.117.67.443   d10.0.2.15.38058      0       
19:30:51.585306 s10.0.2.15.38058      d151.101.117.67.443   0       
19:30:51.593482 s10.0.2.15.38058      d151.101.117.67.443   517     
19:30:51.593868 s151.101.117.67.443   d10.0.2.15.38058      0       
19:30:51.611904 s151.101.117.67.443   d10.0.2.15.38058      2748    
19:30:51.611930 s10.0.2.15.38058      d151.101.117.67.443   0       
19:30:51.612692 s151.101.117.67.443   d10.0.2.15.38058      2315    
19:30:51.612713 s10.0.2.15.38058      d151.101.117.67.443   0       
19:30:51.614159 s10.0.2.15.38058      d151.101.117.67.443   93      
19:30:51.614469 s151.101.117.67.443   d10.0.2.15.38058      0       
19:30:51.628417 s151.101.117.67.443   d10.0.2.15.38058      51      
19:30:51.628439 s10.0.2.15.38058      d151.101.117.67.443   0       
19:30:51.628934 s10.0.2.15.38058      d151.101.117.67.443   53      
19:30:51.628972 s10.0.2.15.38058      d151.101.117.67.443   56      
19:30:51.629216 s151.101.117.67.443   d10.0.2.15.38058      0       
19:30:51.629238 s10.0.2.15.38058      d151.101.117.67.443   109     
19:30:51.629389 s151.101.117.67.443   d10.0.2.15.38058      0       
19:30:51.629390 s151.101.117.67.443   d10.0.2.15.38058      0       
19:30:51.643601 s151.101.117.67.443   d10.0.2.15.38058      95      
19:30:51.643621 s10.0.2.15.38058      d151.101.117.67.443   0       
19:30:51.644150 s10.0.2.15.38058      d151.101.117.67.443   38      
19:30:51.644529 s151.101.117.67.443   d10.0.2.15.38058      0       
19:30:51.646517 s151.101.117.67.443   d10.0.2.15.38058      4122    
19:30:51.646654 s10.0.2.15.38058      d151.101.117.67.443   0       
19:30:51.647145 s151.101.117.67.443   d10.0.2.15.38058      2748    
19:30:51.647186 s10.0.2.15.38058      d151.101.117.67.443   0       
19:30:51.648587 s151.101.117.67.443   d10.0.2.15.38058      5496    
19:30:51.648607 s10.0.2.15.38058      d151.101.117.67.443   0       
19:30:51.649695 s151.101.117.67.443   d10.0.2.15.38058      2748    
19:30:51.649715 s10.0.2.15.38058      d151.101.117.67.443   0       
19:30:51.650695 s151.101.117.67.443   d10.0.2.15.38058      6870    
19:30:51.650869 s10.0.2.15.38058      d151.101.117.67.443   0       
19:30:51.651707 s151.101.117.67.443   d10.0.2.15.38058      1374    
19:30:51.654243 s151.101.117.67.443   d10.0.2.15.38058      5496    
19:30:51.654246 s151.101.117.67.443   d10.0.2.15.38058      2748    
19:30:51.654267 s10.0.2.15.38058      d151.101.117.67.443   0       
19:30:51.654491 s10.0.2.15.38058      d151.101.117.67.443   0       
19:30:51.654887 s151.101.117.67.443   d10.0.2.15.38058      4122    
19:30:51.655088 s151.101.117.67.443   d10.0.2.15.38058      1374    
19:30:51.655104 s10.0.2.15.38058      d151.101.117.67.443   0       
19:30:51.656215 s151.101.117.67.443   d10.0.2.15.38058      2748    
19:30:51.656294 s10.0.2.15.38058      d151.101.117.67.443   0       
19:30:51.657191 s151.101.117.67.443   d10.0.2.15.38058      4122    
19:30:51.657256 s10.0.2.15.38058      d151.101.117.67.443   0       
19:30:51.659686 s151.101.117.67.443   d10.0.2.15.38058      6870    
19:30:51.659775 s10.0.2.15.38058      d151.101.117.67.443   0       
19:30:51.661189 s151.101.117.67.443   d10.0.2.15.38058      5496    
19:30:51.661191 s151.101.117.67.443   d10.0.2.15.38058      4122    
19:30:51.661211 s10.0.2.15.38058      d151.101.117.67.443   0       
19:30:51.661401 s10.0.2.15.38058      d151.101.117.67.443   0       
19:30:51.662053 s151.101.117.67.443   d10.0.2.15.38058      4122    
19:30:51.662055 s151.101.117.67.443   d10.0.2.15.38058      1374    
19:30:51.662120 s10.0.2.15.38058      d151.101.117.67.443   0       
19:30:51.662865 s151.101.117.67.443   d10.0.2.15.38058      5496    
19:30:51.662882 s10.0.2.15.38058      d151.101.117.67.443   0       
19:30:51.663089 s151.101.117.67.443   d10.0.2.15.38058      2748    
19:30:51.663139 s10.0.2.15.38058      d151.101.117.67.443   0       
19:30:51.664221 s151.101.117.67.443   d10.0.2.15.38058      5496    
19:30:51.664239 s10.0.2.15.38058      d151.101.117.67.443   0       
19:30:51.664373 s151.101.117.67.443   d10.0.2.15.38058      2748    
19:30:51.664381 s10.0.2.15.38058      d151.101.117.67.443   0       
19:30:51.665120 s151.101.117.67.443   d10.0.2.15.38058      4122    
19:30:51.665129 s10.0.2.15.38058      d151.101.117.67.443   0       
19:30:51.666119 s151.101.117.67.443   d10.0.2.15.38058      4122    
19:30:51.666121 s151.101.117.67.443   d10.0.2.15.38058      4122    
19:30:51.666140 s10.0.2.15.38058      d151.101.117.67.443   0       
19:30:51.666168 s10.0.2.15.38058      d151.101.117.67.443   0       
19:30:51.666282 s151.101.117.67.443   d10.0.2.15.38058      1374    
19:30:51.667420 s151.101.117.67.443   d10.0.2.15.38058      6870    
19:30:51.667436 s10.0.2.15.38058      d151.101.117.67.443   0       
19:30:51.668732 s151.101.117.67.443   d10.0.2.15.38058      9618    
19:30:51.668735 s151.101.117.67.443   d10.0.2.15.38058      1374    
19:30:51.668754 s10.0.2.15.38058      d151.101.117.67.443   0       
19:30:51.669940 s151.101.117.67.443   d10.0.2.15.38058      6870    
19:30:51.669951 s10.0.2.15.38058      d151.101.117.67.443   0       
19:30:51.671336 s151.101.117.67.443   d10.0.2.15.38058      2748    
19:30:51.671352 s10.0.2.15.38058      d151.101.117.67.443   0       
19:30:51.672548 s151.101.117.67.443   d10.0.2.15.38058      9618    
19:30:51.672564 s10.0.2.15.38058      d151.101.117.67.443   0       
19:30:51.672843 s151.101.117.67.443   d10.0.2.15.38058      1374    
19:30:51.674045 s151.101.117.67.443   d10.0.2.15.38058      6870    
19:30:51.674046 s151.101.117.67.443   d10.0.2.15.38058      1374    
19:30:51.674047 s151.101.117.67.443   d10.0.2.15.38058      2748    
19:30:51.674064 s10.0.2.15.38058      d151.101.117.67.443   0       
19:30:51.674101 s10.0.2.15.38058      d151.101.117.67.443   0       
19:30:51.674956 s151.101.117.67.443   d10.0.2.15.38058      6870    
19:30:51.674968 s10.0.2.15.38058      d151.101.117.67.443   0       
19:30:51.677686 s151.101.117.67.443   d10.0.2.15.38058      2748    
19:30:51.677700 s10.0.2.15.38058      d151.101.117.67.443   0       
19:30:51.680450 s151.101.117.67.443   d10.0.2.15.38058      41220   
19:30:51.680482 s10.0.2.15.38058      d151.101.117.67.443   0       
19:30:51.680836 s151.101.117.67.443   d10.0.2.15.38058      14600   
19:30:51.680885 s10.0.2.15.38058      d151.101.117.67.443   0       
19:30:51.681251 s151.101.117.67.443   d10.0.2.15.38058      514     
19:30:51.681254 s151.101.117.67.443   d10.0.2.15.38058      5496    
19:30:51.681277 s10.0.2.15.38058      d151.101.117.67.443   0       
19:30:51.681429 s151.101.117.67.443   d10.0.2.15.38058      4122    
19:30:51.681436 s10.0.2.15.38058      d151.101.117.67.443   0       
19:30:51.683373 s151.101.117.67.443   d10.0.2.15.38058      21984   
19:30:51.683388 s10.0.2.15.38058      d151.101.117.67.443   0       
19:30:51.683423 s151.101.117.67.443   d10.0.2.15.38058      5496    
19:30:51.683424 s151.101.117.67.443   d10.0.2.15.38058      2748    
19:30:51.683425 s151.101.117.67.443   d10.0.2.15.38058      2748    
19:30:51.683432 s10.0.2.15.38058      d151.101.117.67.443   0       
19:30:51.683439 s10.0.2.15.38058      d151.101.117.67.443   0       
19:30:51.683444 s10.0.2.15.38058      d151.101.117.67.443   0       
19:30:51.683759 s151.101.117.67.443   d10.0.2.15.38058      9618    
19:30:51.683769 s10.0.2.15.38058      d151.101.117.67.443   0       
19:30:51.684131 s151.101.117.67.443   d10.0.2.15.38058      2748    
19:30:51.684133 s151.101.117.67.443   d10.0.2.15.38058      5496    
19:30:51.684146 s10.0.2.15.38058      d151.101.117.67.443   0       
19:30:51.684163 s10.0.2.15.38058      d151.101.117.67.443   0       
19:30:51.684823 s151.101.117.67.443   d10.0.2.15.38058      4122    
19:30:51.684827 s151.101.117.67.443   d10.0.2.15.38058      5496    
19:30:51.684845 s10.0.2.15.38058      d151.101.117.67.443   0       
19:30:51.684865 s10.0.2.15.38058      d151.101.117.67.443   0       
19:30:51.686462 s151.101.117.67.443   d10.0.2.15.38058      8244    
19:30:51.686464 s151.101.117.67.443   d10.0.2.15.38058      2748    
19:30:51.686894 s151.101.117.67.443   d10.0.2.15.38058      5496    
19:30:51.686896 s151.101.117.67.443   d10.0.2.15.38058      1374    
19:30:51.687294 s151.101.117.67.443   d10.0.2.15.38058      4122    
19:30:51.687296 s151.101.117.67.443   d10.0.2.15.38058      1374    
19:30:51.687297 s151.101.117.67.443   d10.0.2.15.38058      4122    
19:30:51.687569 s151.101.117.67.443   d10.0.2.15.38058      2748    
19:30:51.687570 s151.101.117.67.443   d10.0.2.15.38058      1374    
19:30:51.687614 s151.101.117.67.443   d10.0.2.15.38058      4122    
19:30:51.689275 s10.0.2.15.38058      d151.101.117.67.443   0       
19:30:51.689503 s10.0.2.15.38058      d151.101.117.67.443   0       
19:30:51.689782 s151.101.117.67.443   d10.0.2.15.38058      23358   
19:30:51.689929 s151.101.117.67.443   d10.0.2.15.38058      5496    
19:30:51.691892 s151.101.117.67.443   d10.0.2.15.38058      4122    
19:30:51.692429 s10.0.2.15.38058      d151.101.117.67.443   0       
19:30:51.692856 s151.101.117.67.443   d10.0.2.15.38058      2748    
19:30:51.692985 s10.0.2.15.38058      d151.101.117.67.443   0       
19:30:51.693361 s10.0.2.15.38058      d151.101.117.67.443   0       
19:30:51.694023 s151.101.117.67.443   d10.0.2.15.38058      1374    
19:30:51.695106 s151.101.117.67.443   d10.0.2.15.38058      6870    
19:30:51.695179 s10.0.2.15.38058      d151.101.117.67.443   0       
19:30:51.695350 s151.101.117.67.443   d10.0.2.15.38058      4122    
19:30:51.695359 s10.0.2.15.38058      d151.101.117.67.443   0       
19:30:51.695613 s151.101.117.67.443   d10.0.2.15.38058      2748    
19:30:51.695614 s151.101.117.67.443   d10.0.2.15.38058      2920    
19:30:51.695626 s10.0.2.15.38058      d151.101.117.67.443   0       
19:30:51.695745 s10.0.2.15.38058      d151.101.117.67.443   0       
19:30:51.696110 s151.101.117.67.443   d10.0.2.15.38058      2576    
19:30:51.696111 s151.101.117.67.443   d10.0.2.15.38058      4122    
19:30:51.696112 s151.101.117.67.443   d10.0.2.15.38058      2748    
19:30:51.696112 s151.101.117.67.443   d10.0.2.15.38058      2748    
19:30:51.696126 s10.0.2.15.38058      d151.101.117.67.443   0       
19:30:51.696144 s10.0.2.15.38058      d151.101.117.67.443   0       
19:30:51.696157 s10.0.2.15.38058      d151.101.117.67.443   0       
19:30:51.696167 s10.0.2.15.38058      d151.101.117.67.443   0       
19:30:51.696190 s151.101.117.67.443   d10.0.2.15.38058      4122    
19:30:51.696191 s151.101.117.67.443   d10.0.2.15.38058      1374    
19:30:51.696197 s10.0.2.15.38058      d151.101.117.67.443   0       
19:30:51.700669 s151.101.117.67.443   d10.0.2.15.38058      6870    
19:30:51.700687 s10.0.2.15.38058      d151.101.117.67.443   0       
19:30:51.703723 s151.101.117.67.443   d10.0.2.15.38058      34350   
19:30:51.703742 s10.0.2.15.38058      d151.101.117.67.443   0       
19:30:51.704003 s151.101.117.67.443   d10.0.2.15.38058      8760    
19:30:51.704012 s10.0.2.15.38058      d151.101.117.67.443   0       
19:30:51.704388 s151.101.117.67.443   d10.0.2.15.38058      33834   
19:30:51.704401 s10.0.2.15.38058      d151.101.117.67.443   0       
19:30:51.704619 s151.101.117.67.443   d10.0.2.15.38058      10992   
19:30:51.704627 s10.0.2.15.38058      d151.101.117.67.443   0       
19:30:51.705439 s151.101.117.67.443   d10.0.2.15.38058      6870    
19:30:51.705459 s10.0.2.15.38058      d151.101.117.67.443   0       
19:30:51.705656 s151.101.117.67.443   d10.0.2.15.38058      4122    
19:30:51.705722 s10.0.2.15.38058      d151.101.117.67.443   0       
19:30:51.705960 s151.101.117.67.443   d10.0.2.15.38058      2748    
19:30:51.705962 s151.101.117.67.443   d10.0.2.15.38058      2748    
19:30:51.705974 s10.0.2.15.38058      d151.101.117.67.443   0       
19:30:51.706084 s10.0.2.15.38058      d151.101.117.67.443   0       
19:30:51.706222 s151.101.117.67.443   d10.0.2.15.38058      1374    
19:30:51.706224 s151.101.117.67.443   d10.0.2.15.38058      4122    
19:30:51.706224 s151.101.117.67.443   d10.0.2.15.38058      1374    
19:30:51.706371 s10.0.2.15.38058      d151.101.117.67.443   0       
19:30:51.706609 s151.101.117.67.443   d10.0.2.15.38058      2748    
19:30:51.706611 s151.101.117.67.443   d10.0.2.15.38058      5496    
19:30:51.706622 s10.0.2.15.38058      d151.101.117.67.443   0       
19:30:51.706637 s10.0.2.15.38058      d151.101.117.67.443   0       
19:30:51.707314 s151.101.117.67.443   d10.0.2.15.38058      6870    
19:30:51.707316 s151.101.117.67.443   d10.0.2.15.38058      2748    
19:30:51.707318 s151.101.117.67.443   d10.0.2.15.38058      5496    
19:30:51.707497 s10.0.2.15.38058      d151.101.117.67.443   0       
19:30:51.707568 s10.0.2.15.38058      d151.101.117.67.443   0       
19:30:51.707593 s10.0.2.15.38058      d151.101.117.67.443   0       
19:30:51.707622 s151.101.117.67.443   d10.0.2.15.38058      2748    
19:30:51.707623 s151.101.117.67.443   d10.0.2.15.38058      2748    
19:30:51.707631 s10.0.2.15.38058      d151.101.117.67.443   0       
19:30:51.707644 s10.0.2.15.38058      d151.101.117.67.443   0       
19:30:51.707939 s151.101.117.67.443   d10.0.2.15.38058      1374    
19:30:51.707941 s151.101.117.67.443   d10.0.2.15.38058      5496    
19:30:51.707957 s10.0.2.15.38058      d151.101.117.67.443   0       
19:30:51.708214 s151.101.117.67.443   d10.0.2.15.38058      2748    
19:30:51.708227 s10.0.2.15.38058      d151.101.117.67.443   0       
19:30:51.708427 s151.101.117.67.443   d10.0.2.15.38058      2748    
19:30:51.708442 s10.0.2.15.38058      d151.101.117.67.443   0       
19:30:51.708525 s151.101.117.67.443   d10.0.2.15.38058      5496    
19:30:51.708532 s10.0.2.15.38058      d151.101.117.67.443   0       
19:30:51.708901 s151.101.117.67.443   d10.0.2.15.38058      6870    
19:30:51.708916 s10.0.2.15.38058      d151.101.117.67.443   0       
19:30:51.709030 s151.101.117.67.443   d10.0.2.15.38058      1374    
19:30:51.709875 s151.101.117.67.443   d10.0.2.15.38058      2748    
19:30:51.709878 s151.101.117.67.443   d10.0.2.15.38058      4122    
19:30:51.709900 s10.0.2.15.38058      d151.101.117.67.443   0       
19:30:51.710020 s10.0.2.15.38058      d151.101.117.67.443   0       
19:30:51.710226 s151.101.117.67.443   d10.0.2.15.38058      1374    
19:30:51.710228 s151.101.117.67.443   d10.0.2.15.38058      4122    
19:30:51.710229 s151.101.117.67.443   d10.0.2.15.38058      4122    
19:30:51.710255 s10.0.2.15.38058      d151.101.117.67.443   0       
19:30:51.710268 s10.0.2.15.38058      d151.101.117.67.443   0       
19:30:51.710711 s151.101.117.67.443   d10.0.2.15.38058      5496    
19:30:51.710713 s151.101.117.67.443   d10.0.2.15.38058      2748    
19:30:51.710783 s10.0.2.15.38058      d151.101.117.67.443   0       
19:30:51.710808 s10.0.2.15.38058      d151.101.117.67.443   0       
19:30:51.711111 s151.101.117.67.443   d10.0.2.15.38058      1374    
19:30:51.711113 s151.101.117.67.443   d10.0.2.15.38058      4122    
19:30:51.711114 s151.101.117.67.443   d10.0.2.15.38058      2748    
19:30:51.711132 s10.0.2.15.38058      d151.101.117.67.443   0       
19:30:51.711180 s10.0.2.15.38058      d151.101.117.67.443   0       
19:30:51.711328 s151.101.117.67.443   d10.0.2.15.38058      1374    
19:30:51.711482 s151.101.117.67.443   d10.0.2.15.38058      5496    
19:30:51.711490 s10.0.2.15.38058      d151.101.117.67.443   0       
19:30:51.711584 s151.101.117.67.443   d10.0.2.15.38058      2748    
19:30:51.711592 s10.0.2.15.38058      d151.101.117.67.443   0       
19:30:51.711764 s151.101.117.67.443   d10.0.2.15.38058      2920    
19:30:51.711773 s10.0.2.15.38058      d151.101.117.67.443   0       
19:30:51.711881 s151.101.117.67.443   d10.0.2.15.38058      2576    
19:30:51.711889 s10.0.2.15.38058      d151.101.117.67.443   0       
19:30:51.712061 s151.101.117.67.443   d10.0.2.15.38058      2748    
19:30:51.712171 s151.101.117.67.443   d10.0.2.15.38058      2748    
19:30:51.712352 s151.101.117.67.443   d10.0.2.15.38058      2748    
19:30:51.712643 s151.101.117.67.443   d10.0.2.15.38058      2748    
19:30:51.712645 s151.101.117.67.443   d10.0.2.15.38058      5496    
19:30:51.712832 s10.0.2.15.38058      d151.101.117.67.443   0       
19:30:51.713172 s151.101.117.67.443   d10.0.2.15.38058      2748    
19:30:51.713174 s151.101.117.67.443   d10.0.2.15.38058      2748    
19:30:51.713175 s151.101.117.67.443   d10.0.2.15.38058      2748    
19:30:51.713435 s151.101.117.67.443   d10.0.2.15.38058      1374    
19:30:51.713437 s151.101.117.67.443   d10.0.2.15.38058      4122    
19:30:51.714051 s10.0.2.15.38058      d151.101.117.67.443   0       
19:30:51.714322 s151.101.117.67.443   d10.0.2.15.38058      4122    
19:30:51.714337 s10.0.2.15.38058      d151.101.117.67.443   0       
19:30:51.714615 s151.101.117.67.443   d10.0.2.15.38058      5496    
19:30:51.714617 s151.101.117.67.443   d10.0.2.15.38058      2748    
19:30:51.714653 s10.0.2.15.38058      d151.101.117.67.443   0       
19:30:51.714909 s151.101.117.67.443   d10.0.2.15.38058      2748    
19:30:51.714910 s151.101.117.67.443   d10.0.2.15.38058      1374    
19:30:51.715095 s151.101.117.67.443   d10.0.2.15.38058      5496    
19:30:51.715285 s151.101.117.67.443   d10.0.2.15.38058      2748    
19:30:51.715285 s151.101.117.67.443   d10.0.2.15.38058      1374    
19:30:51.715346 s10.0.2.15.38058      d151.101.117.67.443   0       
19:30:51.715426 s151.101.117.67.443   d10.0.2.15.38058      4122    
19:30:51.715461 s10.0.2.15.38058      d151.101.117.67.443   0       
19:30:51.715656 s151.101.117.67.443   d10.0.2.15.38058      2748    
19:30:51.715657 s151.101.117.67.443   d10.0.2.15.38058      1374    
19:30:51.715722 s10.0.2.15.38058      d151.101.117.67.443   0       
19:30:51.715828 s151.101.117.67.443   d10.0.2.15.38058      4122    
19:30:51.715856 s10.0.2.15.38058      d151.101.117.67.443   0       
19:30:51.716026 s151.101.117.67.443   d10.0.2.15.38058      2748    
19:30:51.716144 s151.101.117.67.443   d10.0.2.15.38058      2748    
19:30:51.716146 s151.101.117.67.443   d10.0.2.15.38058      1374    
19:30:51.716207 s10.0.2.15.38058      d151.101.117.67.443   0       
19:30:51.716299 s151.101.117.67.443   d10.0.2.15.38058      1374    
19:30:51.716489 s151.101.117.67.443   d10.0.2.15.38058      2748    
19:30:51.716530 s10.0.2.15.38058      d151.101.117.67.443   0       
19:30:51.716737 s151.101.117.67.443   d10.0.2.15.38058      2748    
19:30:51.716758 s10.0.2.15.38058      d151.101.117.67.443   0       
19:30:51.717016 s151.101.117.67.443   d10.0.2.15.38058      6870    
19:30:51.717018 s151.101.117.67.443   d10.0.2.15.38058      1460    
19:30:51.717120 s151.101.117.67.443   d10.0.2.15.38058      2662    
19:30:51.717258 s151.101.117.67.443   d10.0.2.15.38058      2748    
19:30:51.717356 s151.101.117.67.443   d10.0.2.15.38058      2748    
19:30:51.717554 s151.101.117.67.443   d10.0.2.15.38058      2748    
19:30:51.717653 s151.101.117.67.443   d10.0.2.15.38058      2748    
19:30:51.718130 s151.101.117.67.443   d10.0.2.15.38058      4122    
19:30:51.719004 s151.101.117.67.443   d10.0.2.15.38058      6870    
19:30:51.721101 s10.0.2.15.38058      d151.101.117.67.443   0       
19:30:51.721507 s151.101.117.67.443   d10.0.2.15.38058      17520   
19:30:51.721693 s151.101.117.67.443   d10.0.2.15.38058      11334   
19:30:51.721996 s151.101.117.67.443   d10.0.2.15.38058      6870    
19:30:51.723154 s10.0.2.15.38058      d151.101.117.67.443   0       
19:30:51.723583 s151.101.117.67.443   d10.0.2.15.38058      14600   
19:30:51.723597 s10.0.2.15.38058      d151.101.117.67.443   0       
19:30:51.723942 s151.101.117.67.443   d10.0.2.15.38058      18376   
19:30:51.723959 s10.0.2.15.38058      d151.101.117.67.443   0       
19:30:51.724007 s151.101.117.67.443   d10.0.2.15.38058      4122    
19:30:51.724009 s151.101.117.67.443   d10.0.2.15.38058      5496    
19:30:51.724082 s10.0.2.15.38058      d151.101.117.67.443   0       
19:30:51.724249 s151.101.117.67.443   d10.0.2.15.38058      2748    
19:30:51.724279 s10.0.2.15.38058      d151.101.117.67.443   0       
19:30:51.724388 s151.101.117.67.443   d10.0.2.15.38058      2748    
19:30:51.724454 s151.101.117.67.443   d10.0.2.15.38058      2748    
19:30:51.724514 s10.0.2.15.38058      d151.101.117.67.443   0       
19:30:51.724626 s151.101.117.67.443   d10.0.2.15.38058      2748    
19:30:51.724650 s10.0.2.15.38058      d151.101.117.67.443   0       
19:30:51.725071 s151.101.117.67.443   d10.0.2.15.38058      6870    
19:30:51.725072 s151.101.117.67.443   d10.0.2.15.38058      2748    
19:30:51.725100 s10.0.2.15.38058      d151.101.117.67.443   0       
19:30:51.725362 s151.101.117.67.443   d10.0.2.15.38058      1374    
19:30:51.725557 s151.101.117.67.443   d10.0.2.15.38058      5496    
19:30:51.725558 s151.101.117.67.443   d10.0.2.15.38058      1374    
19:30:51.725570 s10.0.2.15.38058      d151.101.117.67.443   0       
19:30:51.726332 s151.101.117.67.443   d10.0.2.15.38058      5496    
19:30:51.726350 s10.0.2.15.38058      d151.101.117.67.443   0       
19:30:51.726459 s151.101.117.67.443   d10.0.2.15.38058      2748    
19:30:51.726469 s10.0.2.15.38058      d151.101.117.67.443   0       
19:30:51.726592 s151.101.117.67.443   d10.0.2.15.38058      2748    
19:30:51.726599 s10.0.2.15.38058      d151.101.117.67.443   0       
19:30:51.726773 s151.101.117.67.443   d10.0.2.15.38058      2748    
19:30:51.726785 s10.0.2.15.38058      d151.101.117.67.443   0       
19:30:51.727180 s151.101.117.67.443   d10.0.2.15.38058      2748    
19:30:51.727182 s151.101.117.67.443   d10.0.2.15.38058      2748    
19:30:51.727183 s151.101.117.67.443   d10.0.2.15.38058      2748    
19:30:51.727199 s10.0.2.15.38058      d151.101.117.67.443   0       
19:30:51.727219 s10.0.2.15.38058      d151.101.117.67.443   0       
19:30:51.727232 s10.0.2.15.38058      d151.101.117.67.443   0       
19:30:51.727362 s151.101.117.67.443   d10.0.2.15.38058      5496    
19:30:51.727370 s10.0.2.15.38058      d151.101.117.67.443   0       
19:30:51.727675 s151.101.117.67.443   d10.0.2.15.38058      2748    
19:30:51.727676 s151.101.117.67.443   d10.0.2.15.38058      1374    
19:30:51.727798 s151.101.117.67.443   d10.0.2.15.38058      2748    
19:30:51.727868 s151.101.117.67.443   d10.0.2.15.38058      2748    
19:30:51.728021 s151.101.117.67.443   d10.0.2.15.38058      4122    
19:30:51.728209 s151.101.117.67.443   d10.0.2.15.38058      2748    
19:30:51.728346 s151.101.117.67.443   d10.0.2.15.38058      1374    
19:30:51.728390 s151.101.117.67.443   d10.0.2.15.38058      4122    
19:30:51.728589 s151.101.117.67.443   d10.0.2.15.38058      1374    
19:30:51.728745 s151.101.117.67.443   d10.0.2.15.38058      4122    
19:30:51.728994 s151.101.117.67.443   d10.0.2.15.38058      2748    
19:30:51.728996 s151.101.117.67.443   d10.0.2.15.38058      2748    
19:30:51.730274 s10.0.2.15.38058      d151.101.117.67.443   0       
19:30:51.731054 s151.101.117.67.443   d10.0.2.15.38058      17862   
19:30:51.731235 s151.101.117.67.443   d10.0.2.15.38058      6870    
19:30:51.731237 s151.101.117.67.443   d10.0.2.15.38058      4122    
19:30:51.731463 s151.101.117.67.443   d10.0.2.15.38058      5496    
19:30:51.731702 s10.0.2.15.38058      d151.101.117.67.443   0       
19:30:51.731993 s151.101.117.67.443   d10.0.2.15.38058      10992   
19:30:51.732005 s10.0.2.15.38058      d151.101.117.67.443   0       
19:30:51.732032 s151.101.117.67.443   d10.0.2.15.38058      2748    
19:30:51.732033 s151.101.117.67.443   d10.0.2.15.38058      1374    
19:30:51.732077 s10.0.2.15.38058      d151.101.117.67.443   0       
19:30:51.732279 s151.101.117.67.443   d10.0.2.15.38058      4122    
19:30:51.732287 s10.0.2.15.38058      d151.101.117.67.443   0       
19:30:51.732529 s151.101.117.67.443   d10.0.2.15.38058      1374    
19:30:51.732530 s151.101.117.67.443   d10.0.2.15.38058      2748    
19:30:51.732541 s10.0.2.15.38058      d151.101.117.67.443   0       
19:30:51.732783 s151.101.117.67.443   d10.0.2.15.38058      2748    
19:30:51.732784 s151.101.117.67.443   d10.0.2.15.38058      2748    
19:30:51.732792 s10.0.2.15.38058      d151.101.117.67.443   0       
19:30:51.732828 s10.0.2.15.38058      d151.101.117.67.443   0       
19:30:51.732948 s151.101.117.67.443   d10.0.2.15.38058      2748    
19:30:51.732953 s10.0.2.15.38058      d151.101.117.67.443   0       
19:30:51.733723 s151.101.117.67.443   d10.0.2.15.38058      2748    
19:30:51.733725 s151.101.117.67.443   d10.0.2.15.38058      2748    
