21:55:23.677205 s10.0.2.15.52998      d152.195.33.23.443    0       
21:55:23.691002 s152.195.33.23.443    d10.0.2.15.52998      0       
21:55:23.691033 s10.0.2.15.52998      d152.195.33.23.443    0       
21:55:23.711825 s10.0.2.15.52998      d152.195.33.23.443    517     
21:55:23.712258 s152.195.33.23.443    d10.0.2.15.52998      0       
21:55:23.726640 s152.195.33.23.443    d10.0.2.15.52998      99      
21:55:23.726664 s10.0.2.15.52998      d152.195.33.23.443    0       
21:55:23.727366 s10.0.2.15.52998      d152.195.33.23.443    523     
21:55:23.727804 s152.195.33.23.443    d10.0.2.15.52998      0       
21:55:23.745788 s152.195.33.23.443    d10.0.2.15.52998      4380    
21:55:23.745828 s10.0.2.15.52998      d152.195.33.23.443    0       
21:55:23.748010 s152.195.33.23.443    d10.0.2.15.52998      61      
21:55:23.748030 s10.0.2.15.52998      d152.195.33.23.443    0       
