21:51:28.868786 s10.0.2.15.52904      d152.195.33.23.443    0       
21:51:28.882913 s152.195.33.23.443    d10.0.2.15.52904      0       
21:51:28.882947 s10.0.2.15.52904      d152.195.33.23.443    0       
21:51:28.895754 s10.0.2.15.52904      d152.195.33.23.443    517     
21:51:28.896271 s152.195.33.23.443    d10.0.2.15.52904      0       
21:51:28.909955 s152.195.33.23.443    d10.0.2.15.52904      99      
21:51:28.910019 s10.0.2.15.52904      d152.195.33.23.443    0       
21:51:28.910886 s10.0.2.15.52904      d152.195.33.23.443    523     
21:51:28.911162 s152.195.33.23.443    d10.0.2.15.52904      0       
21:51:28.927546 s152.195.33.23.443    d10.0.2.15.52904      1374    
21:51:28.927571 s10.0.2.15.52904      d152.195.33.23.443    0       
21:51:28.928286 s152.195.33.23.443    d10.0.2.15.52904      1460    
21:51:28.928306 s10.0.2.15.52904      d152.195.33.23.443    0       
21:51:28.928437 s152.195.33.23.443    d10.0.2.15.52904      1607    
21:51:28.928443 s10.0.2.15.52904      d152.195.33.23.443    0       
21:51:28.929872 s10.0.2.15.52904      d152.195.33.23.443    74      
21:51:28.930248 s152.195.33.23.443    d10.0.2.15.52904      0       
21:51:28.930296 s10.0.2.15.52904      d152.195.33.23.443    46      
21:51:28.930327 s10.0.2.15.52904      d152.195.33.23.443    49      
21:51:28.930634 s152.195.33.23.443    d10.0.2.15.52904      0       
21:51:28.930635 s152.195.33.23.443    d10.0.2.15.52904      0       
21:51:28.930651 s10.0.2.15.52904      d152.195.33.23.443    95      
21:51:28.930737 s152.195.33.23.443    d10.0.2.15.52904      0       
21:51:28.943192 s152.195.33.23.443    d10.0.2.15.52904      637     
21:51:28.943214 s10.0.2.15.52904      d152.195.33.23.443    0       
21:51:28.944034 s10.0.2.15.52904      d152.195.33.23.443    31      
21:51:28.944577 s152.195.33.23.443    d10.0.2.15.52904      0       
21:51:28.944836 s152.195.33.23.443    d10.0.2.15.52904      207     
21:51:28.945234 s10.0.2.15.52904      d152.195.33.23.443    24      
21:51:28.945686 s152.195.33.23.443    d10.0.2.15.52904      0       
21:51:28.946491 s10.0.2.15.52904      d152.195.33.23.443    0       
21:51:28.946810 s152.195.33.23.443    d10.0.2.15.52904      0       
