22:58:19.917276 s10.0.2.15.55092      d13.107.6.156.443     0       
22:58:19.933812 s13.107.6.156.443     d10.0.2.15.55092      0       
22:58:19.933858 s10.0.2.15.55092      d13.107.6.156.443     0       
22:58:19.941947 s10.0.2.15.55092      d13.107.6.156.443     517     
22:58:19.942362 s13.107.6.156.443     d10.0.2.15.55092      0       
22:58:19.960426 s13.107.6.156.443     d10.0.2.15.55092      2920    
22:58:19.960451 s10.0.2.15.55092      d13.107.6.156.443     0       
22:58:19.960686 s13.107.6.156.443     d10.0.2.15.55092      1035    
22:58:19.960706 s10.0.2.15.55092      d13.107.6.156.443     0       
22:58:19.966451 s10.0.2.15.55092      d13.107.6.156.443     158     
22:58:19.966806 s13.107.6.156.443     d10.0.2.15.55092      0       
22:58:19.981555 s13.107.6.156.443     d10.0.2.15.55092      120     
22:58:19.981574 s10.0.2.15.55092      d13.107.6.156.443     0       
22:58:19.982295 s10.0.2.15.55092      d13.107.6.156.443     53      
22:58:19.982339 s10.0.2.15.55092      d13.107.6.156.443     56      
22:58:19.982475 s10.0.2.15.55092      d13.107.6.156.443     111     
22:58:19.982622 s13.107.6.156.443     d10.0.2.15.55092      0       
22:58:19.982623 s13.107.6.156.443     d10.0.2.15.55092      0       
22:58:19.982623 s13.107.6.156.443     d10.0.2.15.55092      0       
22:58:19.982660 s10.0.2.15.55092      d13.107.6.156.443     38      
22:58:19.983029 s13.107.6.156.443     d10.0.2.15.55092      0       
