22:57:20.960851 s10.0.2.15.55068      d13.107.6.156.443     0       
22:57:20.976307 s13.107.6.156.443     d10.0.2.15.55068      0       
22:57:20.976353 s10.0.2.15.55068      d13.107.6.156.443     0       
22:57:20.989925 s10.0.2.15.55068      d13.107.6.156.443     517     
22:57:20.990481 s13.107.6.156.443     d10.0.2.15.55068      0       
22:57:21.008579 s13.107.6.156.443     d10.0.2.15.55068      1386    
22:57:21.008606 s10.0.2.15.55068      d13.107.6.156.443     0       
22:57:21.009658 s13.107.6.156.443     d10.0.2.15.55068      2569    
22:57:21.009675 s10.0.2.15.55068      d13.107.6.156.443     0       
22:57:21.015830 s10.0.2.15.55068      d13.107.6.156.443     158     
22:57:21.016355 s13.107.6.156.443     d10.0.2.15.55068      0       
22:57:21.031405 s13.107.6.156.443     d10.0.2.15.55068      120     
22:57:21.031428 s10.0.2.15.55068      d13.107.6.156.443     0       
22:57:21.032202 s10.0.2.15.55068      d13.107.6.156.443     53      
22:57:21.032248 s10.0.2.15.55068      d13.107.6.156.443     56      
22:57:21.032543 s13.107.6.156.443     d10.0.2.15.55068      0       
22:57:21.032545 s13.107.6.156.443     d10.0.2.15.55068      0       
22:57:21.032707 s10.0.2.15.55068      d13.107.6.156.443     111     
22:57:21.032971 s13.107.6.156.443     d10.0.2.15.55068      0       
22:57:21.033009 s10.0.2.15.55068      d13.107.6.156.443     38      
22:57:21.033402 s13.107.6.156.443     d10.0.2.15.55068      0       
22:57:21.046426 s13.107.6.156.443     d10.0.2.15.55068      38      
22:57:21.046448 s10.0.2.15.55068      d13.107.6.156.443     0       
