22:59:18.600861 s10.0.2.15.55116      d13.107.6.156.443     0       
22:59:18.614939 s13.107.6.156.443     d10.0.2.15.55116      0       
22:59:18.614986 s10.0.2.15.55116      d13.107.6.156.443     0       
22:59:18.623562 s10.0.2.15.55116      d13.107.6.156.443     517     
22:59:18.623919 s13.107.6.156.443     d10.0.2.15.55116      0       
22:59:18.644035 s13.107.6.156.443     d10.0.2.15.55116      2920    
22:59:18.644058 s10.0.2.15.55116      d13.107.6.156.443     0       
22:59:18.644339 s13.107.6.156.443     d10.0.2.15.55116      1035    
22:59:18.644353 s10.0.2.15.55116      d13.107.6.156.443     0       
22:59:18.648441 s10.0.2.15.55116      d13.107.6.156.443     158     
22:59:18.648752 s13.107.6.156.443     d10.0.2.15.55116      0       
22:59:18.664317 s13.107.6.156.443     d10.0.2.15.55116      120     
22:59:18.664346 s10.0.2.15.55116      d13.107.6.156.443     0       
22:59:18.665040 s10.0.2.15.55116      d13.107.6.156.443     53      
22:59:18.665085 s10.0.2.15.55116      d13.107.6.156.443     56      
22:59:18.665236 s10.0.2.15.55116      d13.107.6.156.443     42      
22:59:18.665267 s10.0.2.15.55116      d13.107.6.156.443     69      
22:59:18.665456 s13.107.6.156.443     d10.0.2.15.55116      0       
22:59:18.665457 s13.107.6.156.443     d10.0.2.15.55116      0       
22:59:18.665458 s13.107.6.156.443     d10.0.2.15.55116      0       
22:59:18.665458 s13.107.6.156.443     d10.0.2.15.55116      0       
22:59:18.665542 s10.0.2.15.55116      d13.107.6.156.443     38      
22:59:18.665738 s13.107.6.156.443     d10.0.2.15.55116      0       
22:59:18.678716 s13.107.6.156.443     d10.0.2.15.55116      38      
22:59:18.678738 s10.0.2.15.55116      d13.107.6.156.443     0       
