22:23:54.318786 s10.0.2.15.58428      d104.77.227.231.443   0       
22:23:54.334560 s104.77.227.231.443   d10.0.2.15.58428      0       
22:23:54.334687 s10.0.2.15.58428      d104.77.227.231.443   0       
22:23:54.344447 s10.0.2.15.58428      d104.77.227.231.443   517     
22:23:54.345167 s104.77.227.231.443   d10.0.2.15.58428      0       
22:23:54.361177 s104.77.227.231.443   d10.0.2.15.58428      2920    
22:23:54.361250 s10.0.2.15.58428      d104.77.227.231.443   0       
22:23:54.361453 s104.77.227.231.443   d10.0.2.15.58428      571     
22:23:54.361468 s10.0.2.15.58428      d104.77.227.231.443   0       
22:23:54.362752 s10.0.2.15.58428      d104.77.227.231.443   80      
22:23:54.363819 s104.77.227.231.443   d10.0.2.15.58428      0       
22:23:54.364311 s10.0.2.15.58428      d104.77.227.231.443   46      
22:23:54.364366 s10.0.2.15.58428      d104.77.227.231.443   49      
22:23:54.364449 s10.0.2.15.58428      d104.77.227.231.443   35      
22:23:54.364670 s104.77.227.231.443   d10.0.2.15.58428      0       
22:23:54.364671 s104.77.227.231.443   d10.0.2.15.58428      0       
22:23:54.364672 s104.77.227.231.443   d10.0.2.15.58428      0       
22:23:54.364725 s10.0.2.15.58428      d104.77.227.231.443   62      
22:23:54.364930 s104.77.227.231.443   d10.0.2.15.58428      0       
22:23:54.382807 s104.77.227.231.443   d10.0.2.15.58428      542     
22:23:54.382831 s10.0.2.15.58428      d104.77.227.231.443   0       
22:23:54.389447 s104.77.227.231.443   d10.0.2.15.58428      975     
22:23:54.389468 s10.0.2.15.58428      d104.77.227.231.443   0       
22:23:54.389783 s10.0.2.15.58428      d104.77.227.231.443   31      
22:23:54.390029 s104.77.227.231.443   d10.0.2.15.58428      0       
22:23:54.390220 s10.0.2.15.58428      d104.77.227.231.443   24      
22:23:54.390475 s104.77.227.231.443   d10.0.2.15.58428      0       
22:23:54.391173 s10.0.2.15.58428      d104.77.227.231.443   0       
22:23:54.391564 s104.77.227.231.443   d10.0.2.15.58428      0       
22:23:54.405811 s104.77.227.231.443   d10.0.2.15.58428      24      
22:23:54.405814 s104.77.227.231.443   d10.0.2.15.58428      0       
22:23:54.405888 s10.0.2.15.58428      d104.77.227.231.443   0       
22:23:54.405951 s10.0.2.15.58428      d104.77.227.231.443   0       
22:23:54.406112 s104.77.227.231.443   d10.0.2.15.58428      0       
