22:25:53.115981 s10.0.2.15.58472      d104.77.227.231.443   0       
22:25:53.131742 s104.77.227.231.443   d10.0.2.15.58472      0       
22:25:53.131880 s10.0.2.15.58472      d104.77.227.231.443   0       
22:25:53.146942 s10.0.2.15.58472      d104.77.227.231.443   517     
22:25:53.147503 s104.77.227.231.443   d10.0.2.15.58472      0       
22:25:53.163911 s104.77.227.231.443   d10.0.2.15.58472      2748    
22:25:53.163936 s10.0.2.15.58472      d104.77.227.231.443   0       
22:25:53.165846 s104.77.227.231.443   d10.0.2.15.58472      742     
22:25:53.165866 s10.0.2.15.58472      d104.77.227.231.443   0       
22:25:53.167312 s10.0.2.15.58472      d104.77.227.231.443   80      
22:25:53.167703 s104.77.227.231.443   d10.0.2.15.58472      0       
22:25:53.167771 s10.0.2.15.58472      d104.77.227.231.443   46      
22:25:53.167800 s10.0.2.15.58472      d104.77.227.231.443   49      
22:25:53.168101 s104.77.227.231.443   d10.0.2.15.58472      0       
22:25:53.168103 s104.77.227.231.443   d10.0.2.15.58472      0       
22:25:53.168122 s10.0.2.15.58472      d104.77.227.231.443   97      
22:25:53.168353 s104.77.227.231.443   d10.0.2.15.58472      0       
22:25:53.181999 s104.77.227.231.443   d10.0.2.15.58472      634     
22:25:53.182026 s10.0.2.15.58472      d104.77.227.231.443   0       
22:25:53.182737 s10.0.2.15.58472      d104.77.227.231.443   31      
22:25:53.183188 s104.77.227.231.443   d10.0.2.15.58472      0       
22:25:53.187512 s104.77.227.231.443   d10.0.2.15.58472      927     
22:25:53.187538 s10.0.2.15.58472      d104.77.227.231.443   0       
22:25:53.188199 s10.0.2.15.58472      d104.77.227.231.443   24      
22:25:53.188581 s104.77.227.231.443   d10.0.2.15.58472      0       
22:25:53.190081 s10.0.2.15.58472      d104.77.227.231.443   0       
22:25:53.192124 s104.77.227.231.443   d10.0.2.15.58472      0       
22:25:53.202159 s104.77.227.231.443   d10.0.2.15.58472      24      
22:25:53.202161 s104.77.227.231.443   d10.0.2.15.58472      0       
22:25:53.202226 s10.0.2.15.58472      d104.77.227.231.443   0       
22:25:53.202263 s10.0.2.15.58472      d104.77.227.231.443   0       
22:25:53.202652 s104.77.227.231.443   d10.0.2.15.58472      0       
