22:24:53.972340 s10.0.2.15.58450      d104.77.227.231.443   0       
22:24:53.988114 s104.77.227.231.443   d10.0.2.15.58450      0       
22:24:53.988160 s10.0.2.15.58450      d104.77.227.231.443   0       
22:24:53.996929 s10.0.2.15.58450      d104.77.227.231.443   517     
22:24:53.997251 s104.77.227.231.443   d10.0.2.15.58450      0       
22:24:54.013836 s104.77.227.231.443   d10.0.2.15.58450      2748    
22:24:54.013855 s10.0.2.15.58450      d104.77.227.231.443   0       
22:24:54.015595 s104.77.227.231.443   d10.0.2.15.58450      743     
22:24:54.015614 s10.0.2.15.58450      d104.77.227.231.443   0       
22:24:54.016721 s10.0.2.15.58450      d104.77.227.231.443   80      
22:24:54.016969 s104.77.227.231.443   d10.0.2.15.58450      0       
22:24:54.017034 s10.0.2.15.58450      d104.77.227.231.443   46      
22:24:54.017061 s10.0.2.15.58450      d104.77.227.231.443   49      
22:24:54.017285 s104.77.227.231.443   d10.0.2.15.58450      0       
22:24:54.017287 s104.77.227.231.443   d10.0.2.15.58450      0       
22:24:54.017306 s10.0.2.15.58450      d104.77.227.231.443   35      
22:24:54.017375 s10.0.2.15.58450      d104.77.227.231.443   62      
22:24:54.017516 s104.77.227.231.443   d10.0.2.15.58450      0       
22:24:54.017516 s104.77.227.231.443   d10.0.2.15.58450      0       
22:24:54.031440 s104.77.227.231.443   d10.0.2.15.58450      634     
22:24:54.031462 s10.0.2.15.58450      d104.77.227.231.443   0       
22:24:54.031885 s10.0.2.15.58450      d104.77.227.231.443   31      
22:24:54.032172 s104.77.227.231.443   d10.0.2.15.58450      0       
22:24:54.036711 s104.77.227.231.443   d10.0.2.15.58450      927     
22:24:54.036733 s10.0.2.15.58450      d104.77.227.231.443   0       
22:24:54.037371 s10.0.2.15.58450      d104.77.227.231.443   24      
22:24:54.037693 s104.77.227.231.443   d10.0.2.15.58450      0       
22:24:54.038362 s10.0.2.15.58450      d104.77.227.231.443   0       
22:24:54.038698 s104.77.227.231.443   d10.0.2.15.58450      0       
