22:21:56.011117 s10.0.2.15.60390      d204.79.197.203.443   0       
22:21:56.026643 s204.79.197.203.443   d10.0.2.15.60390      0       
22:21:56.026786 s10.0.2.15.60390      d204.79.197.203.443   0       
22:21:56.037229 s10.0.2.15.60390      d204.79.197.203.443   517     
22:21:56.037740 s204.79.197.203.443   d10.0.2.15.60390      0       
22:21:56.060273 s204.79.197.203.443   d10.0.2.15.60390      1386    
22:21:56.060291 s10.0.2.15.60390      d204.79.197.203.443   0       
22:21:56.061220 s204.79.197.203.443   d10.0.2.15.60390      2547    
22:21:56.061237 s10.0.2.15.60390      d204.79.197.203.443   0       
22:21:56.075954 s10.0.2.15.60390      d204.79.197.203.443   158     
22:21:56.076316 s204.79.197.203.443   d10.0.2.15.60390      0       
22:21:56.092269 s204.79.197.203.443   d10.0.2.15.60390      120     
22:21:56.092291 s10.0.2.15.60390      d204.79.197.203.443   0       
22:21:56.093282 s10.0.2.15.60390      d204.79.197.203.443   53      
22:21:56.093362 s10.0.2.15.60390      d204.79.197.203.443   56      
22:21:56.093599 s204.79.197.203.443   d10.0.2.15.60390      0       
22:21:56.093601 s204.79.197.203.443   d10.0.2.15.60390      0       
22:21:56.093673 s10.0.2.15.60390      d204.79.197.203.443   42      
22:21:56.093736 s10.0.2.15.60390      d204.79.197.203.443   67      
22:21:56.093872 s10.0.2.15.60390      d204.79.197.203.443   38      
22:21:56.094086 s204.79.197.203.443   d10.0.2.15.60390      0       
22:21:56.094087 s204.79.197.203.443   d10.0.2.15.60390      0       
22:21:56.094132 s204.79.197.203.443   d10.0.2.15.60390      0       
