22:41:36.421853 s10.0.2.15.36702      d128.116.126.3.443    0       
22:41:36.433527 s128.116.126.3.443    d10.0.2.15.36702      0       
22:41:36.433579 s10.0.2.15.36702      d128.116.126.3.443    0       
22:41:36.446330 s10.0.2.15.36702      d128.116.126.3.443    517     
22:41:36.446895 s128.116.126.3.443    d10.0.2.15.36702      0       
22:41:36.458224 s128.116.126.3.443    d10.0.2.15.36702      2920    
22:41:36.458248 s10.0.2.15.36702      d128.116.126.3.443    0       
22:41:36.458552 s128.116.126.3.443    d10.0.2.15.36702      1176    
22:41:36.458567 s10.0.2.15.36702      d128.116.126.3.443    0       
22:41:36.460310 s128.116.126.3.443    d10.0.2.15.36702      348     
22:41:36.460334 s10.0.2.15.36702      d128.116.126.3.443    0       
22:41:36.461465 s10.0.2.15.36702      d128.116.126.3.443    64      
22:41:36.461786 s128.116.126.3.443    d10.0.2.15.36702      0       
22:41:36.461976 s10.0.2.15.36702      d128.116.126.3.443    46      
22:41:36.462011 s10.0.2.15.36702      d128.116.126.3.443    49      
22:41:36.462388 s128.116.126.3.443    d10.0.2.15.36702      0       
22:41:36.462390 s128.116.126.3.443    d10.0.2.15.36702      0       
22:41:36.462414 s10.0.2.15.36702      d128.116.126.3.443    97      
22:41:36.462633 s128.116.126.3.443    d10.0.2.15.36702      0       
22:41:36.471997 s128.116.126.3.443    d10.0.2.15.36702      590     
22:41:36.472025 s10.0.2.15.36702      d128.116.126.3.443    0       
22:41:36.472518 s10.0.2.15.36702      d128.116.126.3.443    31      
22:41:36.472927 s128.116.126.3.443    d10.0.2.15.36702      0       
