22:40:37.279392 s10.0.2.15.36680      d128.116.126.3.443    0       
22:40:37.290875 s128.116.126.3.443    d10.0.2.15.36680      0       
22:40:37.290930 s10.0.2.15.36680      d128.116.126.3.443    0       
22:40:37.305636 s10.0.2.15.36680      d128.116.126.3.443    517     
22:40:37.306169 s128.116.126.3.443    d10.0.2.15.36680      0       
22:40:37.317596 s128.116.126.3.443    d10.0.2.15.36680      2748    
22:40:37.317625 s10.0.2.15.36680      d128.116.126.3.443    0       
22:40:37.318294 s128.116.126.3.443    d10.0.2.15.36680      1348    
22:40:37.318468 s10.0.2.15.36680      d128.116.126.3.443    0       
22:40:37.320807 s128.116.126.3.443    d10.0.2.15.36680      348     
22:40:37.320834 s10.0.2.15.36680      d128.116.126.3.443    0       
22:40:37.322446 s10.0.2.15.36680      d128.116.126.3.443    64      
22:40:37.323026 s128.116.126.3.443    d10.0.2.15.36680      0       
22:40:37.323235 s10.0.2.15.36680      d128.116.126.3.443    46      
22:40:37.323283 s10.0.2.15.36680      d128.116.126.3.443    49      
22:40:37.323515 s10.0.2.15.36680      d128.116.126.3.443    35      
22:40:37.323906 s128.116.126.3.443    d10.0.2.15.36680      0       
22:40:37.323909 s128.116.126.3.443    d10.0.2.15.36680      0       
22:40:37.323910 s128.116.126.3.443    d10.0.2.15.36680      0       
22:40:37.323965 s10.0.2.15.36680      d128.116.126.3.443    62      
22:40:37.324209 s128.116.126.3.443    d10.0.2.15.36680      0       
22:40:37.332308 s128.116.126.3.443    d10.0.2.15.36680      510     
22:40:37.332335 s10.0.2.15.36680      d128.116.126.3.443    0       
22:40:37.333448 s128.116.126.3.443    d10.0.2.15.36680      80      
22:40:37.333468 s10.0.2.15.36680      d128.116.126.3.443    0       
22:40:37.333822 s10.0.2.15.36680      d128.116.126.3.443    31      
22:40:37.334334 s128.116.126.3.443    d10.0.2.15.36680      0       
22:40:37.368368 s128.116.126.3.443    d10.0.2.15.36680      10220   
22:40:37.368395 s10.0.2.15.36680      d128.116.126.3.443    0       
22:40:37.368713 s128.116.126.3.443    d10.0.2.15.36680      4380    
22:40:37.368725 s10.0.2.15.36680      d128.116.126.3.443    0       
22:40:37.369046 s128.116.126.3.443    d10.0.2.15.36680      7569    
22:40:37.369068 s10.0.2.15.36680      d128.116.126.3.443    0       
22:40:37.369330 s128.116.126.3.443    d10.0.2.15.36680      1323    
22:40:37.369340 s10.0.2.15.36680      d128.116.126.3.443    0       
