22:42:35.750470 s10.0.2.15.36726      d128.116.126.3.443    0       
22:42:35.762899 s128.116.126.3.443    d10.0.2.15.36726      0       
22:42:35.762954 s10.0.2.15.36726      d128.116.126.3.443    0       
22:42:35.771872 s10.0.2.15.36726      d128.116.126.3.443    517     
22:42:35.772317 s128.116.126.3.443    d10.0.2.15.36726      0       
22:42:35.784397 s128.116.126.3.443    d10.0.2.15.36726      2920    
22:42:35.784423 s10.0.2.15.36726      d128.116.126.3.443    0       
22:42:35.784624 s128.116.126.3.443    d10.0.2.15.36726      1176    
22:42:35.784638 s10.0.2.15.36726      d128.116.126.3.443    0       
22:42:35.786678 s128.116.126.3.443    d10.0.2.15.36726      348     
22:42:35.786701 s10.0.2.15.36726      d128.116.126.3.443    0       
22:42:35.787524 s10.0.2.15.36726      d128.116.126.3.443    64      
22:42:35.787813 s128.116.126.3.443    d10.0.2.15.36726      0       
22:42:35.787910 s10.0.2.15.36726      d128.116.126.3.443    46      
22:42:35.788174 s128.116.126.3.443    d10.0.2.15.36726      0       
22:42:35.788191 s10.0.2.15.36726      d128.116.126.3.443    49      
22:42:35.788517 s128.116.126.3.443    d10.0.2.15.36726      0       
22:42:35.788532 s10.0.2.15.36726      d128.116.126.3.443    35      
22:42:35.788798 s128.116.126.3.443    d10.0.2.15.36726      0       
22:42:35.788857 s10.0.2.15.36726      d128.116.126.3.443    62      
22:42:35.789114 s128.116.126.3.443    d10.0.2.15.36726      0       
22:42:35.800117 s128.116.126.3.443    d10.0.2.15.36726      590     
22:42:35.800186 s10.0.2.15.36726      d128.116.126.3.443    0       
22:42:35.800539 s10.0.2.15.36726      d128.116.126.3.443    31      
22:42:35.800739 s128.116.126.3.443    d10.0.2.15.36726      0       
22:42:35.831559 s128.116.126.3.443    d10.0.2.15.36726      8760    
22:42:35.831601 s10.0.2.15.36726      d128.116.126.3.443    0       
22:42:35.832036 s128.116.126.3.443    d10.0.2.15.36726      10220   
22:42:35.832057 s10.0.2.15.36726      d128.116.126.3.443    0       
22:42:35.832522 s128.116.126.3.443    d10.0.2.15.36726      3203    
22:42:35.832539 s10.0.2.15.36726      d128.116.126.3.443    0       
22:42:35.833195 s128.116.126.3.443    d10.0.2.15.36726      1374    
22:42:35.833216 s10.0.2.15.36726      d128.116.126.3.443    0       
22:42:35.841449 s128.116.126.3.443    d10.0.2.15.36726      13740   
22:42:35.841474 s10.0.2.15.36726      d128.116.126.3.443    0       
22:42:35.842060 s128.116.126.3.443    d10.0.2.15.36726      2748    
22:42:35.842108 s10.0.2.15.36726      d128.116.126.3.443    0       
22:42:35.843559 s128.116.126.3.443    d10.0.2.15.36726      9618    
22:42:35.843563 s128.116.126.3.443    d10.0.2.15.36726      6870    
22:42:35.844122 s10.0.2.15.36726      d128.116.126.3.443    0       
22:42:35.844415 s128.116.126.3.443    d10.0.2.15.36726      6159    
22:42:35.844463 s10.0.2.15.36726      d128.116.126.3.443    0       
22:42:35.845269 s10.0.2.15.36726      d128.116.126.3.443    24      
22:42:35.845633 s128.116.126.3.443    d10.0.2.15.36726      0       
22:42:35.846434 s10.0.2.15.36726      d128.116.126.3.443    0       
22:42:35.846775 s128.116.126.3.443    d10.0.2.15.36726      0       
