22:39:39.372753 s10.0.2.15.36658      d128.116.126.3.443    0       
22:39:39.384691 s128.116.126.3.443    d10.0.2.15.36658      0       
22:39:39.384742 s10.0.2.15.36658      d128.116.126.3.443    0       
22:39:39.392794 s10.0.2.15.36658      d128.116.126.3.443    517     
22:39:39.393153 s128.116.126.3.443    d10.0.2.15.36658      0       
22:39:39.405123 s128.116.126.3.443    d10.0.2.15.36658      2920    
22:39:39.405142 s10.0.2.15.36658      d128.116.126.3.443    0       
22:39:39.405478 s128.116.126.3.443    d10.0.2.15.36658      1176    
22:39:39.405492 s10.0.2.15.36658      d128.116.126.3.443    0       
22:39:39.405627 s128.116.126.3.443    d10.0.2.15.36658      348     
22:39:39.405633 s10.0.2.15.36658      d128.116.126.3.443    0       
22:39:39.406738 s10.0.2.15.36658      d128.116.126.3.443    64      
22:39:39.406971 s10.0.2.15.36658      d128.116.126.3.443    46      
22:39:39.407161 s128.116.126.3.443    d10.0.2.15.36658      0       
22:39:39.407214 s10.0.2.15.36658      d128.116.126.3.443    49      
22:39:39.407340 s128.116.126.3.443    d10.0.2.15.36658      0       
22:39:39.407350 s10.0.2.15.36658      d128.116.126.3.443    35      
22:39:39.407495 s128.116.126.3.443    d10.0.2.15.36658      0       
22:39:39.407496 s128.116.126.3.443    d10.0.2.15.36658      0       
22:39:39.407538 s10.0.2.15.36658      d128.116.126.3.443    62      
22:39:39.407719 s128.116.126.3.443    d10.0.2.15.36658      0       
22:39:39.416549 s128.116.126.3.443    d10.0.2.15.36658      510     
22:39:39.416568 s10.0.2.15.36658      d128.116.126.3.443    0       
22:39:39.417428 s128.116.126.3.443    d10.0.2.15.36658      80      
22:39:39.417442 s10.0.2.15.36658      d128.116.126.3.443    0       
22:39:39.417550 s10.0.2.15.36658      d128.116.126.3.443    31      
22:39:39.417899 s128.116.126.3.443    d10.0.2.15.36658      0       
22:39:39.450933 s128.116.126.3.443    d10.0.2.15.36658      8429    
22:39:39.450936 s128.116.126.3.443    d10.0.2.15.36658      1374    
22:39:39.450982 s10.0.2.15.36658      d128.116.126.3.443    0       
22:39:39.451016 s10.0.2.15.36658      d128.116.126.3.443    0       
22:39:39.454543 s128.116.126.3.443    d10.0.2.15.36658      13140   
22:39:39.454562 s10.0.2.15.36658      d128.116.126.3.443    0       
22:39:39.454855 s128.116.126.3.443    d10.0.2.15.36658      600     
22:39:39.454864 s10.0.2.15.36658      d128.116.126.3.443    0       
