22:43:35.261843 s10.0.2.15.36752      d128.116.126.3.443    0       
22:43:35.275276 s128.116.126.3.443    d10.0.2.15.36752      0       
22:43:35.275324 s10.0.2.15.36752      d128.116.126.3.443    0       
22:43:35.288153 s10.0.2.15.36752      d128.116.126.3.443    517     
22:43:35.288586 s128.116.126.3.443    d10.0.2.15.36752      0       
22:43:35.300169 s128.116.126.3.443    d10.0.2.15.36752      2920    
22:43:35.300196 s10.0.2.15.36752      d128.116.126.3.443    0       
22:43:35.300673 s128.116.126.3.443    d10.0.2.15.36752      1176    
22:43:35.300702 s10.0.2.15.36752      d128.116.126.3.443    0       
22:43:35.301048 s128.116.126.3.443    d10.0.2.15.36752      348     
22:43:35.301061 s10.0.2.15.36752      d128.116.126.3.443    0       
22:43:35.302842 s10.0.2.15.36752      d128.116.126.3.443    64      
22:43:35.303236 s128.116.126.3.443    d10.0.2.15.36752      0       
22:43:35.303349 s10.0.2.15.36752      d128.116.126.3.443    46      
22:43:35.303402 s10.0.2.15.36752      d128.116.126.3.443    49      
22:43:35.303888 s128.116.126.3.443    d10.0.2.15.36752      0       
22:43:35.303891 s128.116.126.3.443    d10.0.2.15.36752      0       
22:43:35.303920 s10.0.2.15.36752      d128.116.126.3.443    35      
22:43:35.304345 s128.116.126.3.443    d10.0.2.15.36752      0       
22:43:35.304434 s10.0.2.15.36752      d128.116.126.3.443    62      
22:43:35.304780 s128.116.126.3.443    d10.0.2.15.36752      0       
22:43:35.312995 s128.116.126.3.443    d10.0.2.15.36752      510     
22:43:35.313018 s10.0.2.15.36752      d128.116.126.3.443    0       
22:43:35.313780 s128.116.126.3.443    d10.0.2.15.36752      80      
22:43:35.313796 s10.0.2.15.36752      d128.116.126.3.443    0       
22:43:35.313934 s10.0.2.15.36752      d128.116.126.3.443    31      
22:43:35.314429 s128.116.126.3.443    d10.0.2.15.36752      0       
